2936 15532 2093052932 7674 15845 104 1910510412 1 -> 15532 45601952 2007068441 2007068441
29903 20602 1395421043 3769 13822 45 41951565 0 -> 20602 616061606 2011482681 2011482681
28562 9927 1893353827 13485 16651 136 488440265 1 -> 9927 283534974 2011482681 2011482681
15258 9300 96818719 7352 22843 0 1508261892 1 -> 9300 141899400 0 0
6941 17238 1160453353 32168 18938 204 861896214 1 -> 17238 119648958 1160453353 1160453353
13894 1852 474971215 379 4105 77 1084372637 0 -> 1852 25731688 500702903 500702903
21432 30097 1606385346 29464 21462 195 80417552 0 -> 30097 645038904 1791261928 1791261928
12850 20390 1191540766 15857 7186 74 432284602 0 -> 20390 262011500 -712443440 -712443440
31147 18862 430924534 10533 9874 96 202840293 1 -> 18862 587494714 32 32
7839 20316 1578118371 15892 20477 133 1315793094 1 -> 20316 159257124 1156535970 1156535970
