000111010011100001 000100000100110110 000000000000000001101001001111000011100010001010 000101011001001011 000111011000101111 00001011 000000000000000000101110110000100001001111110010 1 -> 000010001011110111 000000000000000000010001011110000011100011011000 0 000000000000000000010001011110000011100011011000
000111010011100001 000100000100110110 000000000000000001101001001111000011100010001010 000101011001001011 000111011000101111 00001011 000000000000000000101110110000100001001111110010 1 -> 000100000100110110 000000000000000000010001011110000011100011011000 0 000000000000000000010001011110000011100011011000
000111010011100001 000100000100110110 000000000000000001101001001111000011100010001010 000101011001001011 000111011000101111 00001011 000000000000000000101110110000100001001111110010 1 -> 000100000100110110 000000000000000000011101110001011100100001110110 0 011001001011000111100100111111000111101000001110
000111010011100001 000100000100110110 000000000000000001101001001111000011100010001010 000101011001001011 000111011000101111 00001011 000000000000000000101110110000100001001111110010 1 -> 000100000100110110 000000000000000000011101110001011100100001110110 0 110010010110001110111000100000001011101101000100
000110010100111111 000001010001110010 000000000000000000110011111011010001010011000011 000001100010000110 000001101101010000 00001011 000000000000000000000101111011000001111100000100 1 -> 000100000100110110 000000000000000000011101110001011100100001110110 1 001011100001010110001100000001001111110001111010
000110010100111111 000001010001110010 000000000000000000110011111011010001010011000011 000001100010000110 000001101101010000 00001011 000000000000000000000101111011000001111100000100 1 -> 000001010001110010 000000000000000000011101110001011100100001110110 0 100100101100011101011111100010010011110110110000
000110010100111111 000001010001110010 000000000000000000110011111011010001010011000011 000001100010000110 000001101101010000 00001011 000000000000000000000101111011000001111100000100 1 -> 000001010001110010 000000000000000000001000000101100000001000001110 1 000110110010100011110100100001010101001000100010
000110010100111111 000001010001110010 000000000000000000110011111011010001010011000011 000001100010000110 000001101101010000 00001011 000000000000000000000101111011000001111100000100 1 -> 000001010001110010 000000000000000000001000000101100000001000001110 0 101000111000101010001001100000010110011010010100
000000001111110011 000100011000101000 000000000000000001011111011110010100001011101101 000000110100011011 000101100001011001 00001011 000000000000000000101010011010100100100000100101 1 -> 000001010001110010 000000000000000000001000000101100000001000001110 1 001010111110110000011110011111010111101100000110
000000001111110011 000100011000101000 000000000000000001011111011110010100001011101101 000000110100011011 000101100001011001 00001011 000000000000000000101010011010100100100000100101 1 -> 000100011000101000 000000000000000000001000000101100000001000001110 0 101101000100110110110011011110011000111101111000
000000001111110011 000100011000101000 000000000000000001011111011110010100001011101101 000000110100011011 000101100001011001 00001011 000000000000000000101010011010100100100000100101 1 -> 000100011000101000 000000000000000000000001000101010000111111111000 1 100001011111110111000011010001011101010110100000
000000001111110011 000100011000101000 000000000000000001011111011110010100001011101101 000000110100011011 000101100001011001 00001011 000000000000000000101010011010100100100000100101 1 -> 000100011000101000 000000000000000000000001000101010000111111111000 1 010101111010110111010011000100100001101111001000
000110101111110111 000000111100011001 000000000000000001000001101110110100000101011001 000100101111000101 000010110110101111 00001011 000000000000000000111000000011010011011111111110 1 -> 000100011000101000 000000000000000000000001000101010000111111111000 1 001010010101110111100010110111100110000111110000
000110101111110111 000000111100011001 000000000000000001000001101110110100000101011001 000100101111000101 000010110110101111 00001011 000000000000000000111000000011010011011111111110 1 -> 000000111100011001 000000000000000000000001000101010000111111111000 0 111110110000110111110010101010101010100000011000
000110101111110111 000000111100011001 000000000000000001000001101110110100000101011001 000100101111000101 000010110110101111 00001011 000000000000000000111000000011010011011111111110 1 -> 000000111100011001 000000000000000000000110010111100000010000011111 1 101101110101111110100010100001101011011100110001
000110101111110111 000000111100011001 000000000000000001000001101110110100000101011001 000100101111000101 000010110110101111 00001011 000000000000000000111000000011010011011111111110 1 -> 000000111100011001 000000000000000000000110010111100000010000011111 1 011100111011000101010010011000101100011001001010
000000010111001101 000101110001110000 000000000000000000001110111111000110111100011100 000101101111011110 000111100101000001 00001011 000000000000000001010110011100100001101001101101 1 -> 000000111100011001 000000000000000000000110010111100000010000011111 1 001100000000001100000010001111101101010101100011
000000010111001101 000101110001110000 000000000000000000001110111111000110111100011100 000101101111011110 000111100101000001 00001011 000000000000000001010110011100100001101001101101 1 -> 000101110001110000 000000000000000000000110010111100000010000011111 0 111011000101010010110010000110101110010001111100
000000010111001101 000101110001110000 000000000000000000001110111111000110111100011100 000101101111011110 000111100101000001 00001011 000000000000000001010110011100100001101001101101 1 -> 000101110001110000 000000000000000000000010000110000011010110110000 1 101010100011010011001001010011110100000011101100
000000010111001101 000101110001110000 000000000000000000001110111111000110111100011100 000101101111011110 000111100101000001 00001011 000000000000000001010110011100100001101001101101 1 -> 000101110001110000 000000000000000000000010000110000011010110110000 1 011010000001010011100000100000111001110101011100
000010101000011001 000110010000000000 000000000000000001010111100111110100111101111000 000111001111001010 000010011100010010 00001011 000000000000000000100111010000010000010001101101 1 -> 000101110001110000 000000000000000000000010000110000011010110110000 1 001001011111010011110111101101111111100111001100
000010101000011001 000110010000000000 000000000000000001010111100111110100111101111000 000111001111001010 000010011100010010 00001011 000000000000000000100111010000010000010001101101 1 -> 000110010000000000 000000000000000000000010000110000011010110110000 0 111000111101010100001110111011000101011000111100
000010101000011001 000110010000000000 000000000000000001010111100111110100111101111000 000111001111001010 000010011100010010 00001011 000000000000000000100111010000010000010001101101 1 -> 000110010000000000 000000000000000000010000011100011100010000000000 1 001000000111010110110111010100001011101000111100
000010101000011001 000110010000000000 000000000000000001010111100111110100111101111000 000111001111001010 000010011100010010 00001011 000000000000000000100111010000010000010001101101 1 -> 000110010000000000 000000000000000000010000011100011100010000000000 0 010111010001011001011111101101010001111000111100
000011000111001100 000010001100111011 000000000000000000100110111111010011100101111100 000001110101001001 000110110110011010 00001011 000000000000000001011111000110110010111011111000 1 -> 000110010000000000 000000000000000000010000011100011100010000000000 0 100110011011011100001000000110011000001000111100
000011000111001100 000010001100111011 000000000000000000100110111111010011100101111100 000001110101001001 000110110110011010 00001011 000000000000000001011111000110110010111011111000 1 -> 000010001100111011 000000000000000000010000011100011100010000000000 0 110101100101011110110000011111011110011000111100
000011000111001100 000010001100111011 000000000000000000100110111111010011100101111100 000001110101001001 000110110110011010 00001011 000000000000000001011111000110110010111011111000 1 -> 000010001100111011 000000000000000000000110110110100101111000000100 1 101010101110100001110111101011100000100101110111
000011000111001100 000010001100111011 000000000000000000100110111111010011100101111100 000001110101001001 000110110110011010 00001011 000000000000000001011111000110110010111011111000 1 -> 000010001100111011 000000000000000000000110110110100101111000000100 1 011111110111100100111110110111100010110010110010
000011111000111111 000111110111010000 000000000000000000000010000101000010001011010000 000110010100101110 000100100100000111 00001011 000000000000000000110001000011010100110100101010 1 -> 000010001100111011 000000000000000000000110110110100101111000000100 1 010101000000101000000110000011100100111111101101
000011111000111111 000111110111010000 000000000000000000000010000101000010001011010000 000110010100101110 000100100100000111 00001011 000000000000000000110001000011010100110100101010 1 -> 000111110111010000 000000000000000000000110110110100101111000000100 1 001010001001101011001101001111100111001100101000
000011111000111111 000111110111010000 000000000000000000000010000101000010001011010000 000110010100101110 000100100100000111 00001011 000000000000000000110001000011010100110100101010 1 -> 000111110111010000 000000000000000000011110100101110101011000110000 0 011110110111101111000110001110101111000011111000
000011111000111111 000111110111010000 000000000000000000000010000101000010001011010000 000110010100101110 000100100100000111 00001011 000000000000000000110001000011010100110100101010 1 -> 000111110111010000 000000000000000000011110100101110101011000110000 0 110011100101110010111111001101110110111011001000
000000100100001101 000000100100000000 000000000000000000000010011011110010100000001100 000111100001111111 000100011011011011 00001011 000000000000000001101101101010100001100011111011 1 -> 000111110111010000 000000000000000000011110100101110101011000110000 1 001000010011110110111000001100111110110010011000
000000100100001101 000000100100000000 000000000000000000000010011011110010100000001100 000111100001111111 000100011011011011 00001011 000000000000000001101101101010100001100011111011 1 -> 000000100100000000 000000000000000000011110100101110101011000110000 0 011101000001111010110001001100000110101001101000
000000100100001101 000000100100000000 000000000000000000000010011011110010100000001100 000111100001111111 000100011011011011 00001011 000000000000000001101101101010100001100011111011 1 -> 000000100100000000 000000000000000000000000010100010111010100000000 0 111111000000111011010101011001000111001101101000
000000100100001101 000000100100000000 000000000000000000000010011011110010100000001100 000111100001111111 000100011011011011 00001011 000000000000000001101101101010100001100011111011 1 -> 000000100100000000 000000000000000000000000010100010111010100000000 1 100000111111111011111001100110000111110001101000
000001101101111001 000100011000101000 000000000000000001000001111010010110010110100011 000100001010110111 000101011010101110 00001011 000000000000000001101110010100110010100011000111 1 -> 000000100100000000 000000000000000000000000010100010111010100000000 1 000010111110111100011101110011001000010101101000
000001101101111001 000100011000101000 000000000000000001000001111010010110010110100011 000100001010110111 000101011010101110 00001011 000000000000000001101110010100110010100011000111 1 -> 000100011000101000 000000000000000000000000010100010111010100000000 0 100100111101111101000010000000001000111001101000
000001101101111001 000100011000101000 000000000000000001000001111010010110010110100011 000100001010110111 000101011010101110 00001011 000000000000000001101110010100110010100011000111 1 -> 000100011000101000 000000000000000000000111100001110110000011101000 0 101111110100111110101111111001001101010010010000
000001101101111001 000100011000101000 000000000000000001000001111010010110010110100011 000100001010110111 000101011010101110 00001011 000000000000000001101110010100110010100011000111 1 -> 000100011000101000 000000000000000000000111100001110110000011101000 0 111010101100000000011101110010010001101010111000
000000010010111110 000101100100011100 000000000000000001011011011110110001101001111001 000110111011000011 000110001101111101 00001011 000000000000000001110110001010100011010111100001 1 -> 000100011000101000 000000000000000000000111100001110110000011101000 1 000101100011000010001011101011010110000011100000
000000010010111110 000101100100011100 000000000000000001011011011110110001101001111001 000110111011000011 000110001101111101 00001011 000000000000000001110110001010100011010111100001 1 -> 000101100100011100 000000000000000000000111100001110110000011101000 0 010000011010000011111001100100011010011100001000
000000010010111110 000101100100011100 000000000000000001011011011110110001101001111001 000110111011000011 000110001101111101 00001011 000000000000000001110110001010100011010111100001 1 -> 000101100100011100 000000000000000000000001101001101001001011001000 1 001011011101000100001100100010100000000000100100
000000010010111110 000101100100011100 000000000000000001011011011110110001101001111001 000110111011000011 000110001101111101 00001011 000000000000000001110110001010100011010111100001 1 -> 000101100100011100 000000000000000000000001101001101001001011001000 1 000110100000000100011111100000100101100101000000
000000111011000110 000101101110100000 000000000000000001100111010011010000100000101101 000000011111001100 000110010100010011 00001011 000000000000000001010110110000110101001110111111 1 -> 000101100100011100 000000000000000000000001101001101001001011001000 1 000001100011000100110010011110101011001001011100
000000111011000110 000101101110100000 000000000000000001100111010011010000100000101101 000000011111001100 000110010100010011 00001011 000000000000000001010110110000110101001110111111 1 -> 000101101110100000 000000000000000000000001101001101001001011001000 0 111100100110000101000101011100110000101101111000
000000111011000110 000101101110100000 000000000000000001100111010011010000100000101101 000000011111001100 000110010100010011 00001011 000000000000000001010110110000110101001110111111 1 -> 000101101110100000 000000000000000000000101010010011001110111000000 1 011011110010000110000000100010110110011100011000
000000111011000110 000101101110100000 000000000000000001100111010011010000100000101101 000000011111001100 000110010100010011 00001011 000000000000000001010110110000110101001110111111 1 -> 000101101110100000 000000000000000000000101010010011001110111000000 0 111010111110000110111011101000111100001010111000
000101110011101101 000110001111010010 000000000000000001110100100010000010110110001110 000110110111110101 000010100100110000 00001011 000000000000000001011011010111000100101000010000 1 -> 000101101110100000 000000000000000000000101010010011001110111000000 1 011010001010000111110110101111000001111001011000
000101110011101101 000110001111010010 000000000000000001110100100010000010110110001110 000110110111110101 000010100100110000 00001011 000000000000000001011011010111000100101000010000 1 -> 000110001111010010 000000000000000000000101010010011001110111000000 0 111001010110001000110001110101000111100111111000
000101110011101101 000110001111010010 000000000000000001110100100010000010110110001110 000110110111110101 000010100100110000 00001011 000000000000000001011011010111000100101000010000 1 -> 000110001111010010 000000000000000000100100001110111110000101101010 1 110001001011001110100101100010001101110111001010
000101110011101101 000110001111010010 000000000000000001110100100010000010110110001110 000110110111110101 000010100100110000 00001011 000000000000000001011011010111000100101000010000 1 -> 000110001111010010 000000000000000000100100001110111110000101101010 1 101001000000010100011001001111010100000110011100
000101101100011111 000101100000111100 000000000000000001101000110011010111000000010100 000110010110100111 000010111101001000 00001011 000000000000000000011101000001000001001001111000 1 -> 000110001111010010 000000000000000000100100001110111110000101101010 1 100000110101011010001100111100011010010101101110
000101101100011111 000101100000111100 000000000000000001101000110011010111000000010100 000110010110100111 000010111101001000 00001011 000000000000000000011101000001000001001001111000 1 -> 000101100000111100 000000000000000000100100001110111110000101101010 1 011000101010100000000000101001100000100101000000
000101101100011111 000101100000111100 000000000000000001101000110011010111000000010100 000110010110100111 000010111101001000 00001011 000000000000000000011101000001000001001001111000 1 -> 000101100000111100 000000000000000000011111011010000000001101000100 0 101111010001100101101101001000100110000101111100
000101101100011111 000101100000111100 000000000000000001101000110011010111000000010100 000110010110100111 000010111101001000 00001011 000000000000000000011101000001000001001001111000 1 -> 000101100000111100 000000000000000000011111011010000000001101000100 1 000101111000101011011001100111101011100110111000
000100111101110100 000010101000011011 000000000000000000101011011011100111010000000110 000100101110100111 000000001011100101 00001011 000000000000000001111011000000000100100001110110 1 -> 000101100000111100 000000000000000000011111011010000000001101000100 0 011100011111110001000110000110110001000111110100
000100111101110100 000010101000011011 000000000000000000101011011011100111010000000110 000100101110100111 000000001011100101 00001011 000000000000000001111011000000000100100001110110 1 -> 000010101000011011 000000000000000000011111011010000000001101000100 0 110011000110110110110010100101110110101000110000
000100111101110100 000010101000011011 000000000000000000101011011011100111010000000110 000100101110100111 000000001011100101 00001011 000000000000000001111011000000000100100001110110 1 -> 000010101000011011 000000000000000000001101000100010110100100111100 1 100001101101111011110000011001111001010001001011
000100111101110100 000010101000011011 000000000000000000101011011011100111010000000110 000100101110100111 000000001011100101 00001011 000000000000000001111011000000000100100001110110 1 -> 000010101000011011 000000000000000000001101000100010110100100111100 1 010000010101000000101110001101111011111001100110
000101111001100011 000111000100010100 000000000000000000000101010111010000101011100001 000011100011010001 000111010110001111 00001011 000000000000000001001101110001100001111010001010 1 -> 000010101000011011 000000000000000000001101000100010110100100111100 0 111110111100000101101100000001111110100010000001
000101111001100011 000111000100010100 000000000000000000000101010111010000101011100001 000011100011010001 000111010110001111 00001011 000000000000000001001101110001100001111010001010 1 -> 000111000100010100 000000000000000000001101000100010110100100111100 1 101101100011001010101001110110000001001010011100
000101111001100011 000111000100010100 000000000000000000000101010111010000101011100001 000011100011010001 000111010110001111 00001011 000000000000000001001101110001100001111010001010 1 -> 000111000100010100 000000000000000000101001101100010001001010111100 1 010000110100010000100011011001001000001110110000
000101111001100011 000111000100010100 000000000000000000000101010111010000101011100001 000011100011010001 000111010110001111 00001011 000000000000000001001101110001100001111010001010 1 -> 000111000100010100 000000000000000000101001101100010001001010111100 0 110100000101010110011100111100001111010011000100
000011010010110010 000100001111100100 000000000000000000100010110101100010000100000100 000010010011010111 000110110111101001 00001011 000000000000000001100001000111100010100101000010 1 -> 000111000100010100 000000000000000000101001101100010001001010111100 1 010111010110011100010110011111010110010111011000
000011010010110010 000100001111100100 000000000000000000100010110101100010000100000100 000010010011010111 000110110111101001 00001011 000000000000000001100001000111100010100101000010 1 -> 000100001111100100 000000000000000000101001101100010001001010111100 0 111010100111100010010000000010011101011011101100
000011010010110010 000100001111100100 000000000000000000100010110101100010000100000100 000010010011010111 000110110111101001 00001011 000000000000000001100001000111100010100101000010 1 -> 000100001111100100 000000000000000000001101111110011000010010001000 1 001101111110100101100010110100100001101011010000
000011010010110010 000100001111100100 000000000000000000100010110101100010000100000100 000010010011010111 000110110111101001 00001011 000000000000000001100001000111100010100101000010 1 -> 000100001111100100 000000000000000000001101111110011000010010001000 0 100001010101101000110101100110100101111010110100
000000011011100011 000011100001000011 000000000000000000000010101000010110111110010101 000101101111011010 000000001100001100 00001011 000000000000000001111111000111110101011100101110 1 -> 000100001111100100 000000000000000000001101111110011000010010001000 0 110100101100101100001000011000101010001010011000
000000011011100011 000011100001000011 000000000000000000000010101000010110111110010101 000101101111011010 000000001100001100 00001011 000000000000000001111111000111110101011100101110 1 -> 000011100001000011 000000000000000000001101111110011000010010001000 1 001000000011101111011011001010101110011001111100
000000011011100011 000011100001000011 000000000000000000000010101000010110111110010101 000101101111011010 000000001100001100 00001011 000000000000000001111111000111110101011100101110 1 -> 000011100001000011 000000000000000000000001100000110111010101101001 0 110111011101101111110110101101110001111010111111
000000011011100011 000011100001000011 000000000000000000000010101000010110111110010101 000101101111011010 000000001100001100 00001011 000000000000000001111111000111110101011100101110 1 -> 000011100001000011 000000000000000000000001100000110111010101101001 1 100110110111110000010010010000110101011100000010
000001100000110011 000111111010110100 000000000000000000101110110100110011110010111010 000100100010010000 000110110001100011 00001011 000000000000000000111110111110010001100101110011 1 -> 000011100001000011 000000000000000000000001100000110111010101101001 1 010110010001110000101101110011111000111101000101
000001100000110011 000111111010110100 000000000000000000101110110100110011110010111010 000100100010010000 000110110001100011 00001011 000000000000000000111110111110010001100101110011 1 -> 000111111010110100 000000000000000000000001100000110111010101101001 1 000101101011110001001001010110111100011110001000
000001100000110011 000111111010110100 000000000000000000101110110100110011110010111010 000100100010010000 000110110001100011 00001011 000000000000000000111110111110010001100101110011 1 -> 000111111010110100 000000000000000000001011111110100001110111011100 0 100111111011110010101010001010000100011000111100
000001100000110011 000111111010110100 000000000000000000101110110100110011110010111010 000100100010010000 000110110001100011 00001011 000000000000000000111110111110010001100101110011 1 -> 000111111010110100 000000000000000000001011111110100001110111011100 1 001010001011110100001010111101001100010011110000
000111000001100001 000001110001011011 000000000000000000111101000100000000111011010011 000010010101111111 000111101111010101 00001011 000000000000000001001010110111110010010011000000 1 -> 000111111010110100 000000000000000000001011111110100001110111011100 0 101100011011110101101011110000010100001110100100
000111000001100001 000001110001011011 000000000000000000111101000100000000111011010011 000010010101111111 000111101111010101 00001011 000000000000000001001010110111110010010011000000 1 -> 000001110001011011 000000000000000000001011111110100001110111011100 1 001110101011110111001100100011011100001001011000
000111000001100001 000001110001011011 000000000000000000111101000100000000111011010011 000010010101111111 000111101111010101 00001011 000000000000000001001010110111110010010011000000 1 -> 000001110001011011 000000000000000000001100011100101000111001111011 0 100100101010111110001110000100011101111010110011
000111000001100001 000001110001011011 000000000000000000111101000100000000111011010011 000010010101111111 000111101111010101 00001011 000000000000000001001010110111110010010011000000 1 -> 000001110001011011 000000000000000000001100011100101000111001111011 0 111010101010000101001111100101011111101100001110
000000010101110010 000100001111001010 000000000000000001001101001010010010101000010010 000001111111111011 000010100011101010 00001011 000000000000000001100010110101100110110000100111 1 -> 000001110001011011 000000000000000000001100011100101000111001111011 1 010000101001001100010001000110100001011101101001
000000010101110010 000100001111001010 000000000000000001001101001010010010101000010010 000001111111111011 000010100011101010 00001011 000000000000000001100010110101100110110000100111 1 -> 000100001111001010 000000000000000000001100011100101000111001111011 0 100110101000010011010010100111100011001111000100
000000010101110010 000100001111001010 000000000000000001001101001010010010101000010010 000001111111111011 000010100011101010 00001011 000000000000000001100010110101100110110000100111 1 -> 000100001111001010 000000000000000000000001011100010010000111110100 1 100110100011010011101000011001100111011110001110
000000010101110010 000100001111001010 000000000000000001001101001010010010101000010010 000001111111111011 000010100011101010 00001011 000000000000000001100010110101100110110000100111 1 -> 000100001111001010 000000000000000000000001011100010010000111110100 1 100110011110010011111110001011101011101101011000
000001100010111011 000111010011101010 000000000000000000010101101001100110111000110101 000100001110010011 000001110101100011 00001011 000000000000000000110101101111000100100110110110 1 -> 000100001111001010 000000000000000000000001011100010010000111110100 1 100110011001010100010011111101101111111100100010
000001100010111011 000111010011101010 000000000000000000010101101001100110111000110101 000100001110010011 000001110101100011 00001011 000000000000000000110101101111000100100110110110 1 -> 000111010011101010 000000000000000000000001011100010010000111110100 1 100110010100010100101001101111110100001011101100
000001100010111011 000111010011101010 000000000000000000010101101001100110111000110101 000100001110010011 000001110101100011 00001011 000000000000000000110101101111000100100110110110 1 -> 000111010011101010 000000000000000000001011010010110101011011101110 0 110100100111010110001100101010111011011111010110
000001100010111011 000111010011101010 000000000000000000010101101001100110111000110101 000100001110010011 000001110101100011 00001011 000000000000000000110101101111000100100110110110 1 -> 000111010011101010 000000000000000000001011010010110101011011101110 1 000010111010010111101111100110000010110011000000
000101010101010100 000000000000110100 000000000000000001110110111100010011010001001110 000000010010101011 000100011000011100 00001011 000000000000000001011111101101110101111111000100 1 -> 000111010011101010 000000000000000000001011010010110101011011101110 0 010001001101011001010010100001001010000110101010
000101010101010100 000000000000110100 000000000000000001110110111100010011010001001110 000000010010101011 000100011000011100 00001011 000000000000000001011111101101110101111111000100 1 -> 000000000000110100 000000000000000000001011010010110101011011101110 0 011111100000011010110101011100010001011010010100
000101010101010100 000000000000110100 000000000000000001110110111100010011010001001110 000000010010101011 000100011000011100 00001011 000000000000000001011111101101110101111111000100 1 -> 000000000000110100 000000000000000000000000000100010101010100010000 0 110010001011100000001010110000010001011011001000
000101010101010100 000000000000110100 000000000000000001110110111100010011010001001110 000000010010101011 000100011000011100 00001011 000000000000000001011111101101110101111111000100 1 -> 000000000000110100 000000000000000000000000000100010101010100010000 1 000100110110100101100000000100010001011011111100
000000111110100001 000001000111011110 000000000000000000100001010000000110001011000111 000011000101100111 000011010110101010 00001011 000000000000000001010110100010100100011101111011 1 -> 000000000000110100 000000000000000000000000000100010101010100010000 0 010111100001101010110101011000010001011100110000
000000111110100001 000001000111011110 000000000000000000100001010000000110001011000111 000011000101100111 000011010110101010 00001011 000000000000000001010110100010100100011101111011 1 -> 000001000111011110 000000000000000000000000000100010101010100010000 0 101010001100110000001010101100010001011101100100
000000111110100001 000001000111011110 000000000000000000100001010000000110001011000111 000011000101100111 000011010110101010 00001011 000000000000000001010110100010100100011101111011 1 -> 000001000111011110 000000000000000000000001000101110011111010011110 0 101111110011110001001001001101010010100101000010
000000111110100001 000001000111011110 000000000000000000100001010000000110001011000111 000011000101100111 000011010110101010 00001011 000000000000000001010110100010100100011101111011 1 -> 000001000111011110 000000000000000000000001000101110011111010011110 0 110101011010110010000111101110010011101100100000
000001011100100001 000101111001110001 000000000000000001011000011100010001110111110100 000011011000101010 000000111001010010 00001011 000000000000000001101000101101100100110001111110 1 -> 000001000111011110 000000000000000000000001000101110011111010011110 0 111011000001110011000110001111010100110011111110
000001011100100001 000101111001110001 000000000000000001011000011100010001110111110100 000011011000101010 000000111001010010 00001011 000000000000000001101000101101100100110001111110 1 -> 000101111001110001 000000000000000000000001000101110011111010011110 1 000000101000110100000100110000010101111011011100
000001011100100001 000101111001110001 000000000000000001011000011100010001110111110100 000011011000101010 000000111001010010 00001011 000000000000000001101000101101100100110001111110 1 -> 000101111001110001 000000000000000000001000100010000101001110010001 0 011001010010110101100001010001011011110101001101
000001011100100001 000101111001110001 000000000000000001011000011100010001110111110100 000011011000101010 000000111001010010 00001011 000000000000000001101000101101100100110001111110 1 -> 000101111001110001 000000000000000000001000100010000101001110010001 0 110001111100110110111101110010100001101110111110
000010000111111111 000110101110111101 000000000000000001100111110110110111111111000100 000000111110000011 000101000101100101 00001011 000000000000000001011011110111100001110000010001 1 -> 000101111001110001 000000000000000000001000100010000101001110010001 1 001010100110111000011010010011100111101000101111
000010000111111111 000110101110111101 000000000000000001100111110110110111111111000100 000000111110000011 000101000101100101 00001011 000000000000000001011011110111100001110000010001 1 -> 000110101110111101 000000000000000000001000100010000101001110010001 0 100011010000111001110110110100101101100010100000
000010000111111111 000110101110111101 000000000000000001100111110110110111111111000100 000000111110000011 000101000101100101 00001011 000000000000000001011011110111100001110000010001 1 -> 000110101110111101 000000000000000000001110010011101010111001000011 1 100001010011111011111110110011110100010001011101
000010000111111111 000110101110111101 000000000000000001100111110110110111111111000100 000000111110000011 000101000101100101 00001011 000000000000000001011011110111100001110000010001 1 -> 000110101110111101 000000000000000000001110010011101010111001000011 1 011111010110111110000110110010111011000000011010
000011111111110001 000111000010011001 000000000000000001000101010111100100111010010010 000011001000001100 000100101011101011 00001011 000000000000000000101001101101010111111011000101 1 -> 000110101110111101 000000000000000000001110010011101010111001000011 1 011101011010000000001110110010000001101111010111
000011111111110001 000111000010011001 000000000000000001000101010111100100111010010010 000011001000001100 000100101011101011 00001011 000000000000000000101001101101010111111011000101 1 -> 000111000010011001 000000000000000000001110010011101010111001000011 1 011011011101000010010110110001001000011110010100
000011111111110001 000111000010011001 000000000000000001000101010111100100111010010010 000011001000001100 000100101011101011 00001011 000000000000000000101001101101010111111011000101 1 -> 000111000010011001 000000000000000000011100000111111010011100001001 0 100011101001000110010110100010001111100000101101
000011111111110001 000111000010011001 000000000000000001000101010111100100111010010010 000011001000001100 000100101011101011 00001011 000000000000000000101001101101010111111011000101 1 -> 000111000010011001 000000000000000000011100000111111010011100001001 0 101011110101001010010110010011010110100011000110
000001100100000010 000100110100010110 000000000000000000001110010001110100100111111111 000111001111110001 000001000001010111 00001011 000000000000000001000011110000000111110101100110 1 -> 000111000010011001 000000000000000000011100000111111010011100001001 0 110100000001001110010110000100011101100101011111
000001100100000010 000100110100010110 000000000000000000001110010001110100100111111111 000111001111110001 000001000001010111 00001011 000000000000000001000011110000000111110101100110 1 -> 000100110100010110 000000000000000000011100000111111010011100001001 0 111100001101010010010101110101100100100111111000
000001100100000010 000100110100010110 000000000000000000001110010001110100100111111111 000111001111110001 000001000001010111 00001011 000000000000000001000011110000000111110101100110 1 -> 000100110100010110 000000000000000000000111100001111100000000101100 1 001011111110010011111001110111101001011100001110
000001100100000010 000100110100010110 000000000000000000001110010001110100100111111111 000111001111110001 000001000001010111 00001011 000000000000000001000011110000000111110101100110 1 -> 000100110100010110 000000000000000000000111100001111100000000101100 0 011011101111010101011101111001101110010000100100
000010110111101101 000100001100100010 000000000000000001100010111010010101001100001110 000010011000010111 000100011111000011 00001011 000000000000000000101111011010100010011110010011 1 -> 000100110100010110 000000000000000000000111100001111100000000101100 0 101011100000010111000001111011110011000100111010
000010110111101101 000100001100100010 000000000000000001100010111010010101001100001110 000010011000010111 000100011111000011 00001011 000000000000000000101111011010100010011110010011 1 -> 000100001100100010 000000000000000000000111100001111100000000101100 0 111011010001011000100101111101110111111001010000
000010110111101101 000100001100100010 000000000000000001100010111010010101001100001110 000010011000010111 000100011111000011 00001011 000000000000000000101111011010100010011110010011 1 -> 000100001100100010 000000000000000000001100000010110010000001111010 1 010011101000011011011101101010111100000101110010
000010110111101101 000100001100100010 000000000000000001100010111010010101001100001110 000010011000010111 000100011111000011 00001011 000000000000000000101111011010100010011110010011 1 -> 000100001100100010 000000000000000000001100000010110010000001111010 0 101011111111011110010101011000000000010010010100
000000010111101010 000010100110010110 000000000000000000000011000100100000010110100001 000011010101101010 000011111010010000 00001011 000000000000000000001000011000000110100111000011 1 -> 000100001100100010 000000000000000000001100000010110010000001111010 1 000100010110100001001101000101000100011110110110
000000010111101010 000010100110010110 000000000000000000000011000100100000010110100001 000011010101101010 000011111010010000 00001011 000000000000000000001000011000000110100111000011 1 -> 000010100110010110 000000000000000000001100000010110010000001111010 0 011100101101100100000100110010001000101011011000
000000010111101010 000010100110010110 000000000000000000000011000100100000010110100001 000011010101101010 000011111010010000 00001011 000000000000000000001000011000000110100111000011 1 -> 000010100110010110 000000000000000000000000111101011111000100011100 0 110010010111100100011100011100001011010001101110
000000010111101010 000010100110010110 000000000000000000000011000100100000010110100001 000011010101101010 000011111010010000 00001011 000000000000000000001000011000000110100111000011 1 -> 000010100110010110 000000000000000000000000111101011111000100011100 1 001000000001100100110100000110001101111000000100
000101000011011101 000000001110111001 000000000000000001001110010000010111110010100100 000001101001000010 000011111011001001 00001011 000000000000000001001011000111010011110111000111 1 -> 000010100110010110 000000000000000000000000111101011111000100011100 0 011101101011100101001011110000010000011110011010
000101000011011101 000000001110111001 000000000000000001001110010000010111110010100100 000001101001000010 000011111011001001 00001011 000000000000000001001011000111010011110111000111 1 -> 000000001110111001 000000000000000000000000111101011111000100011100 0 110011010101100101100011011010010011000100110000
000101000011011101 000000001110111001 000000000000000001001110010000010111110010100100 000001101001000010 000011111011001001 00001011 000000000000000001001011000111010011110111000111 1 -> 000000001110111001 000000000000000000000001001011010000011010110101 1 011100010111101010100110110111010011010011101001
000101000011011101 000000001110111001 000000000000000001001110010000010111110010100100 000001101001000010 000011111011001001 00001011 000000000000000001001011000111010011110111000111 1 -> 000000001110111001 000000000000000000000001001011010000011010110101 1 000101011001101111101010010100010011100010100010
000000111011111111 000110010110011110 000000000000000001000111101100110111001100100010 000000100100011110 000101001111111011 00001011 000000000000000001111101111100100111100010110110 1 -> 000000001110111001 000000000000000000000001001011010000011010110101 0 101110011011110100101101110001010011110001011011
000000111011111111 000110010110011110 000000000000000001000111101100110111001100100010 000000100100011110 000101001111111011 00001011 000000000000000001111101111100100111100010110110 1 -> 000110010110011110 000000000000000000000001001011010000011010110101 1 010111011101111001110001001110010100000000010100
000000111011111111 000110010110011110 000000000000000001000111101100110111001100100010 000000100100011110 000101001111111011 00001011 000000000000000001111101111100100111100010110110 1 -> 000110010110011110 000000000000000000000101111100111101110001100010 0 111011111011111010101101001101011010010110110010
000000111011111111 000110010110011110 000000000000000001000111101100110111001100100010 000000100100011110 000101001111111011 00001011 000000000000000001111101111100100111100010110110 1 -> 000110010110011110 000000000000000000000101111100111101110001100010 1 100000011001111011101001001100100000101101010000
000111111111001101 000100010011001000 000000000000000001001101011101000001010011000011 000101100010010010 000110100011100010 00001011 000000000000000001011010100011110011011011011111 1 -> 000110010110011110 000000000000000000000101111100111101110001100010 1 000100110111111100100101001011100111000011101110
000111111111001101 000100010011001000 000000000000000001001101011101000001010011000011 000101100010010010 000110100011100010 00001011 000000000000000001011010100011110011011011011111 1 -> 000100010011001000 000000000000000000000101111100111101110001100010 0 101001010101111101100001001010101101011010001100
000111111111001101 000100010011001000 000000000000000001001101011101000001010011000011 000101100010010010 000110100011100010 00001011 000000000000000001011010100011110011011011011111 1 -> 000100010011001000 000000000000000000100010010101100100110000101000 1 001011101000000101100000010111110001101101010100
000111111111001101 000100010011001000 000000000000000001001101011101000001010011000011 000101100010010010 000110100011100010 00001011 000000000000000001011010100011110011011011011111 1 -> 000100010011001000 000000000000000000100010010101100100110000101000 0 101101111010001101011111100100110110000000011100
000001011101100010 000010000101010101 000000000000000001000001010000100101100110110010 000101100111111010 000101111110111001 00001011 000000000000000001110001000100010101111001101101 1 -> 000100010011001000 000000000000000000100010010101100100110000101000 1 010000001100010101011110110001111010010011100100
000001011101100010 000010000101010101 000000000000000001000001010000100101100110110010 000101100111111010 000101111110111001 00001011 000000000000000001110001000100010101111001101101 1 -> 000010000101010101 000000000000000000100010010101100100110000101000 0 110010011110011101011101111110111110100110101100
000001011101100010 000010000101010101 000000000000000001000001010000100101100110110010 000101100111111010 000101111110111001 00001011 000000000000000001110001000100010101111001101101 1 -> 000010000101010101 000000000000000000000011000010110110010110001010 1 011010011000011110111011100001000000101100000001
000001011101100010 000010000101010101 000000000000000001000001010000100101100110110010 000101100111111010 000101111110111001 00001011 000000000000000001110001000100010101111001101101 1 -> 000010000101010101 000000000000000000000011000010110110010110001010 1 000010010010100000011001000011000010110001010110
000011101111011000 000011110110100100 000000000000000000101001110100110110100001100010 000001001100100111 000000110001101011 00001011 000000000000000000001010110111010111001011010101 1 -> 000010000101010101 000000000000000000000011000010110110010110001010 0 101010001100100001110110100101000100110110101011
000011101111011000 000011110110100100 000000000000000000101001110100110110100001100010 000001001100100111 000000110001101011 00001011 000000000000000000001010110111010111001011010101 1 -> 000011110110100100 000000000000000000000011000010110110010110001010 1 010010000110100011010100000111000110111100000000
000011101111011000 000011110110100100 000000000000000000101001110100110110100001100010 000001001100100111 000000110001101011 00001011 000000000000000000001010110111010111001011010101 1 -> 000011110110100100 000000000000000000001110011010001100111001100000 0 011110101101100111000011011111001010110010100100
000011101111011000 000011110110100100 000000000000000000101001110100110110100001100010 000001001100100111 000000110001101011 00001011 000000000000000000001010110111010111001011010101 1 -> 000011110110100100 000000000000000000001110011010001100111001100000 0 101011010100101010110010110111001110101001001000
000011101010011000 000011110010000110 000000000000000000110000001110110010000001011100 000101100110001100 000011101100011110 00001011 000000000000000000010010010110000001101101011011 1 -> 000011110110100100 000000000000000000001110011010001100111001100000 0 110111111011101110100010001111010010011111101100
000011101010011000 000011110010000110 000000000000000000110000001110110010000001011100 000101100110001100 000011101100011110 00001011 000000000000000000010010010110000001101101011011 1 -> 000011110010000110 000000000000000000001110011010001100111001100000 1 000100100010110010010001100111010110010110010000
000011101010011000 000011110010000110 000000000000000000110000001110110010000001011100 000101100110001100 000011101100011110 00001011 000000000000000000010010010110000001101101011011 1 -> 000011110010000110 000000000000000000001101110110100100101110010000 0 101010101110110101111011111111011010001000010110
000011101010011000 000011110010000110 000000000000000000110000001110110010000001011100 000101100110001100 000011101100011110 00001011 000000000000000000010010010110000001101101011011 1 -> 000011110010000110 000000000000000000001101110110100100101110010000 1 010000111010111001100110010111011101111010011100
000110101001010110 000000100001110100 000000000000000001111110010001010110101110001010 000110010011110111 000110011100011111 00001011 000000000000000000011101011001100110010111101110 1 -> 000011110010000110 000000000000000000001101110110100100101110010000 0 110111000110111101010000101111100001101100100010
000110101001010110 000000100001110100 000000000000000001111110010001010110101110001010 000110010011110111 000110011100011111 00001011 000000000000000000011101011001100110010111101110 1 -> 000000100001110100 000000000000000000001101110110100100101110010000 1 011101010011000000111011000111100101011110101000
000110101001010110 000000100001110100 000000000000000001111110010001010110101110001010 000110010011110111 000110011100011111 00001011 000000000000000000011101011001100110010111101110 1 -> 000000100001110100 000000000000000000000011100000101101111011111000 0 110001001010000111100100011101100110000000011100
000110101001010110 000000100001110100 000000000000000001111110010001010110101110001010 000110010011110111 000110011100011111 00001011 000000000000000000011101011001100110010111101110 1 -> 000000100001110100 000000000000000000000011100000101101111011111000 1 000101000001001110001101110011100110100010010000
000011110111111010 000100110011010000 000000000000000000010101000111100100010010110010 000011110111111101 000011100001000010 00001011 000000000000000000110011000111000110110010011100 1 -> 000000100001110100 000000000000000000000011100000101101111011111000 0 011000111000010100110111001001100111000100000100
000011110111111010 000100110011010000 000000000000000000010101000111100100010010110010 000011110111111101 000011100001000010 00001011 000000000000000000110011000111000110110010011100 1 -> 000100110011010000 000000000000000000000011100000101101111011111000 0 101100101111011011100000011111100111100101111000
000011110111111010 000100110011010000 000000000000000000010101000111100100010010110010 000011110111111101 000011100001000010 00001011 000000000000000000110011000111000110110010011100 1 -> 000100110011010000 000000000000000000010010100110001001001100100000 1 100100101100011111011000011001101100011001001000
000011110111111010 000100110011010000 000000000000000000010101000111100100010010110010 000011110111111101 000011100001000010 00001011 000000000000000000110011000111000110110010011100 1 -> 000100110011010000 000000000000000000010010100110001001001100100000 1 011100101001100011010000010011110001001100011000
000111110100000001 000001101001001101 000000000000000001011001001010110111011000011111 000001011111111100 000001000000101100 00001011 000000000000000001110111111101100100010010110110 1 -> 000100110011010000 000000000000000000010010100110001001001100100000 1 010100100110100111001000001101110101111111101000
000111110100000001 000001101001001101 000000000000000001011001001010110111011000011111 000001011111111100 000001000000101100 00001011 000000000000000001110111111101100100010010110110 1 -> 000001101001001101 000000000000000000010010100110001001001100100000 1 001100100011101011000000000111111010110010111000
000111110100000001 000001101001001101 000000000000000001011001001010110111011000011111 000001011111111100 000001000000101100 00001011 000000000000000001110111111101100100010010110110 1 -> 000001101001001101 000000000000000000001100110101111011001101001101 0 101100011111110010110100001000111100011100000101
000111110100000001 000001101001001101 000000000000000001011001001010110111011000011111 000001011111111100 000001000000101100 00001011 000000000000000001110111111101100100010010110110 1 -> 000001101001001101 000000000000000000001100110101111011001101001101 1 001100011011111010101000001001111110000101010010
000001110101110100 000011010111101001 000000000000000001101111111100000000010011000101 000011110110111001 000110101010001000 00001011 000000000000000000011000011010100100110101110111 1 -> 000001101001001101 000000000000000000001100110101111011001101001101 0 101100011000000010011100001010111111101110011111
000001110101110100 000011010111101001 000000000000000001101111111100000000010011000101 000011110110111001 000110101010001000 00001011 000000000000000000011000011010100100110101110111 1 -> 000011010111101001 000000000000000000001100110101111011001101001101 1 001100010100001010010000001100000001010111101100
000001110101110100 000011010111101001 000000000000000001101111111100000000010011000101 000011110110111001 000110101010001000 00001011 000000000000000000011000011010100100110101110111 1 -> 000011010111101001 000000000000000000000110001100111101001010010100 1 000011001101001100000110000000000100101111010101
000001110101110100 000011010111101001 000000000000000001101111111100000000010011000101 000011110110111001 000110101010001000 00001011 000000000000000000011000011010100100110101110111 1 -> 000011010111101001 000000000000000000000110001100111101001010010100 0 111010000110001101111011110100001000000110111110
000001110011001111 000101011100100000 000000000000000001100000110001000010110100111101 000010101111101011 000011100010111000 00001011 000000000000000001101101110001110000100110000100 1 -> 000011010111101001 000000000000000000000110001100111101001010010100 1 110000111111001111110001101000001011011110100111
000001110011001111 000101011100100000 000000000000000001100000110001000010110100111101 000010101111101011 000011100010111000 00001011 000000000000000001101101110001110000100110000100 1 -> 000101011100100000 000000000000000000000110001100111101001010010100 1 100111111000010001100111011100001110110110010000
000001110011001111 000101011100100000 000000000000000001100000110001000010110100111101 000010101111101011 000011100010111000 00001011 000000000000000001101101110001110000100110000100 1 -> 000101011100100000 000000000000000000001001110011011111001011100000 1 010111100011010011011010101011010100010010110000
000001110011001111 000101011100100000 000000000000000001100000110001000010110100111101 000010101111101011 000011100010111000 00001011 000000000000000001101101110001110000100110000100 1 -> 000101011100100000 000000000000000000001001110011011111001011100000 1 000111001110010101001101111010011001101111010000
000000011000110111 000000110000001011 000000000000000000000010111001010110001110110000 000111000010111000 000011001110001100 00001011 000000000000000000000100101011000100100011100010 1 -> 000101011100100000 000000000000000000001001110011011111001011100000 0 110110111001010111000001001001011111001011110000
000000011000110111 000000110000001011 000000000000000000000010111001010110001110110000 000111000010111000 000011001110001100 00001011 000000000000000000000100101011000100100011100010 1 -> 000000110000001011 000000000000000000001001110011011111001011100000 1 100110100100011000110100011000100100101000010000
000000011000110111 000000110000001011 000000000000000000000010111001010110001110110000 000111000010111000 000011001110001100 00001011 000000000000000000000100101011000100100011100010 1 -> 000000110000001011 000000000000000000000000010010101101100001011101 0 101001011100011001001101001111100101011000011011
000000011000110111 000000110000001011 000000000000000000000010111001010110001110110000 000111000010111000 000011001110001100 00001011 000000000000000000000100101011000100100011100010 1 -> 000000110000001011 000000000000000000000000010010101101100001011101 0 101100010100011001100110000110100110001000100110
000100110010001110 000000001001100111 000000000000000000000010001110010010000010010100 000111101010110011 000101010000101100 00001011 000000000000000001000101000101100110100000110100 1 -> 000000110000001011 000000000000000000000000010010101101100001011101 0 101111001100011001111110111101100110111000110001
000100110010001110 000000001001100111 000000000000000000000010001110010010000010010100 000111101010110011 000101010000101100 00001011 000000000000000001000101000101100110100000110100 1 -> 000000001001100111 000000000000000000000000010010101101100001011101 0 110010000100011010010111110100100111101000111100
000100110010001110 000000001001100111 000000000000000000000010001110010010000010010100 000111101010110011 000101010000101100 00001011 000000000000000001000101000101100110100000110100 1 -> 000000001001100111 000000000000000000000000101101111110100100100010 1 011100110111011111001010000010100111110010100011
000100110010001110 000000001001100111 000000000000000000000010001110010010000010010100 000111101010110011 000101010000101100 00001011 000000000000000001000101000101100110100000110100 1 -> 000000001001100111 000000000000000000000000101101111110100100100010 1 000111101010100011111100010000100111111100001010
000011100101000111 000111001011000000 000000000000000000011100101101100001101100000110 000010000010001011 000111110101010001 00001011 000000000000000001011101101011010000101000001101 1 -> 000000001001100111 000000000000000000000000101101111110100100100010 0 110010011101101000101110011110101000000101110001
000011100101000111 000111001011000000 000000000000000000011100101101100001101100000110 000010000010001011 000111110101010001 00001011 000000000000000001011101101011010000101000001101 1 -> 000111001011000000 000000000000000000000000101101111110100100100010 1 011101010000101101100000101100101000001111011000
000011100101000111 000111001011000000 000000000000000000011100101101100001101100000110 000010000010001011 000111110101010001 00001011 000000000000000001011101101011010000101000001101 1 -> 000111001011000000 000000000000000000011001101011001001001101000000 0 011111011011110001000101110011101111011010011000
000011100101000111 000111001011000000 000000000000000000011100101101100001101100000110 000010000010001011 000111110101010001 00001011 000000000000000001011101101011010000101000001101 1 -> 000111001011000000 000000000000000000011001101011001001001101000000 0 100001100110110100101010111010110110100101011000
000010101010000111 000011011010110010 000000000000000001100110101011100000100110110010 000001110001001001 000111111011111010 00001011 000000000000000000010101010110100111110000000001 1 -> 000111001011000000 000000000000000000011001101011001001001101000000 0 100011110001111000010000000001111101110000011000
000010101010000111 000011011010110010 000000000000000001100110101011100000100110110010 000001110001001001 000111111011111010 00001011 000000000000000000010101010110100111110000000001 1 -> 000011011010110010 000000000000000000011001101011001001001101000000 0 100101111100111011110101001001000100111011011000
000010101010000111 000011011010110010 000000000000000001100110101011100000100110110010 000001110001001001 000111111011111010 00001011 000000000000000000010101010110100111110000000001 1 -> 000011011010110010 000000000000000000001001000101100000101111011110 1 010111000101111110011111010000001000010110001010
000010101010000111 000011011010110010 000000000000000001100110101011100000100110110010 000001110001001001 000111111011111010 00001011 000000000000000000010101010110100111110000000001 1 -> 000011011010110010 000000000000000000001001000101100000101111011110 1 001000001111000001001001010111001011110000111100
000100000100010001 000101011010101010 000000000000000001111101011110010110000011010110 000000101110010001 000000101010101101 00001011 000000000000000001010011110011110001110100100101 1 -> 000011011010110010 000000000000000000001001000101100000101111011110 0 111001011000000011110011011110001111001011101110
000100000100010001 000101011010101010 000000000000000001111101011110010110000011010110 000000101110010001 000000101010101101 00001011 000000000000000001010011110011110001110100100101 1 -> 000101011010101010 000000000000000000001001000101100000101111011110 1 101010100001000110011101100101010010100110100000
000100000100010001 000101011010101010 000000000000000001111101011110010110000011010110 000000101110010001 000000101010101101 00001011 000000000000000001010011110011110001110100100101 1 -> 000101011010101010 000000000000000000010110000001101110101101001010 1 011000110010001010100001110110011000000001001010
000100000100010001 000101011010101010 000000000000000001111101011110010110000011010110 000000101110010001 000000101010101101 00001011 000000000000000001010011110011110001110100100101 1 -> 000101011010101010 000000000000000000010110000001101110101101001010 1 000111000011001110100110000111011101011011110100
000000110010111010 000101000110001011 000000000000000001000111000100010000001100011001 000110000110001101 000100000110111000 00001011 000000000000000001000100011010000111110010011110 1 -> 000101011010101010 000000000000000000010110000001101110101101001010 0 110101010100010010101010011000100010110110011110
000000110010111010 000101000110001011 000000000000000001000111000100010000001100011001 000110000110001101 000100000110111000 00001011 000000000000000001000100011010000111110010011110 1 -> 000101000110001011 000000000000000000010110000001101110101101001010 1 100011100101010110101110101001101000010001001000
000000110010111010 000101000110001011 000000000000000001000111000100010000001100011001 000110000110001101 000100000110111000 00001011 000000000000000001000100011010000111110010011110 1 -> 000101000110001011 000000000000000000000100000011011100001011111110 0 101001110010010111100001100011101101010111010011
000000110010111010 000101000110001011 000000000000000001000111000100010000001100011001 000110000110001101 000100000110111000 00001011 000000000000000001000100011010000111110010011110 1 -> 000101000110001011 000000000000000000000100000011011100001011111110 0 101111111111011000010100011101110010011101011110
000111000001110000 000011111011110111 000000000000000000111000111100110111100100111000 000000010100001110 000001100100111011 00001011 000000000000000001111000101100010011010111111100 1 -> 000101000110001011 000000000000000000000100000011011100001011111110 0 110110001100011001000111010111110111100011101001
000111000001110000 000011111011110111 000000000000000000111000111100110111100100111000 000000010100001110 000001100100111011 00001011 000000000000000001111000101100010011010111111100 1 -> 000011111011110111 000000000000000000000100000011011100001011111110 0 111100011001011001111010010001111100101001110100
000111000001110000 000011111011110111 000000000000000000111000111100110111100100111000 000000010100001110 000001100100111011 00001011 000000000000000001111000101100010011010111111100 1 -> 000011111011110111 000000000000000000011011101001111001110000010000 1 010000100111100000111100000010000000100101101011
000111000001110000 000011111011110111 000000000000000000111000111100110111100100111000 000000010100001110 000001100100111011 00001011 000000000000000001111000101100010011010111111100 1 -> 000011111011110111 000000000000000000011011101001111001110000010000 0 100100110101100111111101110010000100100001100010
000011100101100101 000010111001000011 000000000000000000001110011111100000011110001110 000111011001011000 000101111111001001 00001011 000000000000000000110101000000110110001100000011 1 -> 000011111011110111 000000000000000000011011101001111001110000010000 0 111001000011101110111111100010001000011101011001
000011100101100101 000010111001000011 000000000000000000001110011111100000011110001110 000111011001011000 000101111111001001 00001011 000000000000000000110101000000110110001100000011 1 -> 000010111001000011 000000000000000000011011101001111001110000010000 1 001101010001110110000001010010001100011001010000
000011100101100101 000010111001000011 000000000000000000001110011111100000011110001110 000111011001011000 000101111111001001 00001011 000000000000000000110101000000110110001100000011 1 -> 000010111001000011 000000000000000000001010010111110010101101101111 0 100110101001111001100110110111001111010010010011
000011100101100101 000010111001000011 000000000000000000001110011111100000011110001110 000111011001011000 000101111111001001 00001011 000000000000000000110101000000110110001100000011 1 -> 000010111001000011 000000000000000000001010010111110010101101101111 1 000000000001111101001100011100010010001011010110
000001011010111100 000001001110100101 000000000000000000011011101101010010001101101001 000111101011101110 000100010001100100 00001011 000000000000000000010110100110100010100000110111 1 -> 000010111001000011 000000000000000000001010010111110010101101101111 0 011001011010000000110010000001010101000100011001
000001011010111100 000001001110100101 000000000000000000011011101101010010001101101001 000111101011101110 000100010001100100 00001011 000000000000000000010110100110100010100000110111 1 -> 000001001110100101 000000000000000000001010010111110010101101101111 0 110010110010000100010111100110010111111101011100
000001011010111100 000001001110100101 000000000000000000011011101101010010001101101001 000111101011101110 000100010001100100 00001011 000000000000000000010110100110100010100000110111 1 -> 000001001110100101 000000000000000000000001101111101001101100101100 1 011110100000000101110010100010011001001100000001
000001011010111100 000001001110100101 000000000000000000011011101101010010001101101001 000111101011101110 000100010001100100 00001011 000000000000000000010110100110100010100000110111 1 -> 000001001110100101 000000000000000000000001101111101001101100101100 1 001010001110000111001101011110011010011010100110
