000111010011100001 000100000100110110 000000000000000001101001001111000011100010001010 000101011001001011 000111011000101111 00011011 000000000000000000101110110000100001001111110010 1 -> 000001001110100101 000000000000000000000001101111101001101100101100 0 110101111100001000101000011010011011101001001011
000111010011100001 000100000100110110 000000000000000001101001001111000011100010001010 000101011001001011 000111011000101111 00011011 000000000000000000101110110000100001001111110010 1 -> 000100000100110110 000000000000000000000001101111101001101100101100 1 100001101010001010000011010110011100110111110000
000111010011100001 000100000100110110 000000000000000001101001001111000011100010001010 000101011001001011 000111011000101111 00011011 000000000000000000101110110000100001001111110010 1 -> 001001011110000001 000000000000000000011101110001011100100001110110 0 111010110101010001010110110111100000111100100110
000111010011100001 000100000100110110 000000000000000001101001001111000011100010001010 000101011001001011 000111011000101111 00011011 000000000000000000101110110000100001001111110010 1 -> 001001011110000001 000000000000000001000101001010111001110001100001 1 010100000000011000101010011000101010011010100111
000110010100111111 000001010001110010 000000000000000000110011111011010001010011000011 000001100010000110 000001101101010000 00011011 000000000000000000000101111011000001111100000100 1 -> 001001011110000001 000000000000000001000101001010111001110001100001 0 101101001011011111111101111001110011111000101000
000110010100111111 000001010001110010 000000000000000000110011111011010001010011000011 000001100010000110 000001101101010000 00011011 000000000000000000000101111011000001111100000100 1 -> 000110101010111101 000000000000000001000101001010111001110001100001 1 000110010110100111010001011010111101010110101001
000110010100111111 000001010001110010 000000000000000000110011111011010001010011000011 000001100010000110 000001101101010000 00011011 000000000000000000000101111011000001111100000100 1 -> 000010110011111000 000000000000000000101010001101101101010110000011 0 101000011100101101100110011010000100000001100110
000110010100111111 000001010001110010 000000000000000000110011111011010001010011000011 000001100010000110 000001101101010000 00011011 000000000000000000000101111011000001111100000100 1 -> 000010110011111000 000000000000000000010001110010001110100100001000 1 001010100010110011111011011001000110110101011110
000000001111110011 000100011000101000 000000000000000001011111011110010100001011101101 000000110100011011 000101100001011001 00011011 000000000000000000101010011010100100100000100101 1 -> 000010110011111000 000000000000000000010001110010001110100100001000 0 101100101000111010010000011000001001101001010110
000000001111110011 000100011000101000 000000000000000001011111011110010100001011101101 000000110100011011 000101100001011001 00011011 000000000000000000101010011010100100100000100101 1 -> 000101111010101110 000000000000000000010001110010001110100100001000 1 001110101111000000100101010111001100011101001110
000000001111110011 000100011000101000 000000000000000001011111011110010100001011101101 000000110100011011 000101100001011001 00011011 000000000000000000101010011010100100100000100101 1 -> 000101001101000011 000000000000000000000001011101011110100100101010 1 000011001010000000110101001010010010010111111100
000000001111110011 000100011000101000 000000000000000001011111011110010100001011101101 000000110100011011 000101100001011001 00011011 000000000000000000101010011010100100100000100101 1 -> 000101001101000011 000000000000000000000001010010001101000110011001 0 110111100101000001000100111101010111100100111111
000110101111110111 000000111100011001 000000000000000001000001101110110100000101011001 000100101111000101 000010110110101111 00011011 000000000000000000111000000011010011011111111110 1 -> 000101001101000011 000000000000000000000001010010001101000110011001 1 101100000000000001010100110000011100110010000010
000110101111110111 000000111100011001 000000000000000001000001101110110100000101011001 000100101111000101 000010110110101111 00011011 000000000000000000111000000011010011011111111110 1 -> 000001110000110100 000000000000000000000001010010001101000110011001 1 100000011011000001100100100011100001111111000101
000110101111110111 000000111100011001 000000000000000001000001101110110100000101011001 000100101111000101 000010110110101111 00011011 000000000000000000111000000011010011011111111110 1 -> 000101101011011110 000000000000000000001011111001001111001000101100 1 001111100000001000010100011010100011101111111001
000110101111110111 000000111100011001 000000000000000001000001101110110100000101011001 000100101111000101 000010110110101111 00011011 000000000000000000111000000011010011011111111110 1 -> 000101101011011110 000000000000000000100110010100100111011000110010 0 111110100101001111000100010001101001011011010111
000000010111001101 000101110001110000 000000000000000000001110111111000110111100011100 000101101111011110 000111100101000001 00011011 000000000000000001010110011100100001101001101101 1 -> 000101101011011110 000000000000000000100110010100100111011000110010 1 101101101010010101110100001000101111000110110101
000000010111001101 000101110001110000 000000000000000000001110111111000110111100011100 000101101111011110 000111100101000001 00011011 000000000000000001010110011100100001101001101101 1 -> 001010100000110101 000000000000000000100110010100100111011000110010 1 011100101111011100100011111111110100110010010011
000000010111001101 000101110001110000 000000000000000000001110111111000110111100011100 000101101111011110 000111100101000001 00011011 000000000000000001010110011100100001101001101101 1 -> 001011100001001110 000000000000000000000011110011111011101101110001 1 001100001101011100111011001100111111010011001000
000000010111001101 000101110001110000 000000000000000000001110111111000110111100011100 000101101111011110 000111100101000001 00011011 000000000000000001010110011100100001101001101101 1 -> 001011100001001110 000000000000000000000100001011010001110001110110 0 111011101011011101010010011010001010110100010110
000010101000011001 000110010000000000 000000000000000001010111100111110100111101111000 000111001111001010 000010011100010010 00011011 000000000000000000100111010000010000010001101101 1 -> 001011100001001110 000000000000000000000100001011010001110001110110 1 101011001001011101101001100111010110010101100100
000010101000011001 000110010000000000 000000000000000001010111100111110100111101111000 000111001111001010 000010011100010010 00011011 000000000000000000100111010000010000010001101101 1 -> 001011111111011110 000000000000000000000100001011010001110001110110 1 011010100111011110000000110100100001110110110010
000010101000011001 000110010000000000 000000000000000001010111100111110100111101111000 000111001111001010 000010011100010010 00011011 000000000000000000100111010000010000010001101101 1 -> 001101011111001010 000000000000000000011111100011010010100010101110 0 101001110001100000101001001101101101110110010000
000010101000011001 000110010000000000 000000000000000001010111100111110100111101111000 000111001111001010 000010011100010010 00011011 000000000000000000100111010000010000010001101101 1 -> 001101011111001010 000000000000000000100011011111000011011010111010 0 111000111011100011010001100110111011010101011010
000011000111001100 000010001100111011 000000000000000000100110111111010011100101111100 000001110101001001 000110110110011010 00011011 000000000000000001011111000110110010111011111000 1 -> 001101011111001010 000000000000000000100011011111000011011010111010 1 001000000101100101111010000000001000110100100100
000011000111001100 000010001100111011 000000000000000000100110111111010011100101111100 000001110101001001 000110110110011010 00011011 000000000000000001011111000110110010111011111000 1 -> 001001011100000101 000000000000000000100011011111000011011010111010 0 010111001111101000100010011001010110010011101110
000011000111001100 000010001100111011 000000000000000000100110111111010011100101111100 000001110101001001 000110110110011010 00011011 000000000000000001011111000110110010111011111000 1 -> 000100000010000100 000000000000000000011101011000000100110011111100 1 001100011000101011101001100101011111101111110011
000011000111001100 000010001100111011 000000000000000000100110111111010011100101111100 000001110101001001 000110110110011010 00011011 000000000000000001011111000110110010111011111000 1 -> 000100000010000100 000000000000000000001100100011001010110100110000 1 000001100001101110110000110001100011110001110111
000011111000111111 000111110111010000 000000000000000000000010000101000010001011010000 000110010100101110 000100100100000111 00011011 000000000000000000110001000011010100110100101010 1 -> 000100000010000100 000000000000000000001100100011001010110100110000 0 110110101010110001110111111101100111110011111011
000011111000111111 000111110111010000 000000000000000000000010000101000010001011010000 000110010100101110 000100100100000111 00011011 000000000000000000110001000011010100110100101010 1 -> 001001101100011001 000000000000000000001100100011001010110100110000 1 101011110011110100111111001001101011110101111111
000011111000111111 000111110111010000 000000000000000000000010000101000010001011010000 000110010100101110 000100100100000111 00011011 000000000000000000110001000011010100110100101010 1 -> 001110001011111110 000000000000000000100101101101100011100100100111 1 000000100001111000111000001000110101100010011000
000011111000111111 000111110111010000 000000000000000000000010000101000010001011010000 000110010100101110 000100100100000111 00011011 000000000000000000110001000011010100110100101010 1 -> 001110001011111110 000000000000000000110111001100010110000010000010 0 010101001111111100110001001000000011101110010110
000000100100001101 000000100100000000 000000000000000000000010011011110010100000001100 000111100001111111 000100011011011011 00011011 000000000000000001101101101010100001100011111011 1 -> 001110001011111110 000000000000000000110111001100010110000010000010 0 101001111110000000101010000111010001111010010100
000000100100001101 000000100100000000 000000000000000000000010011011110010100000001100 000111100001111111 000100011011011011 00011011 000000000000000001101101101010100001100011111011 1 -> 000110111000101110 000000000000000000110111001100010110000010000010 0 111110101100000100100011000110100000000110010010
000000100100001101 000000100100000000 000000000000000000000010011011110010100000001100 000111100001111111 000100011011011011 00011011 000000000000000001101101101010100001100011111011 1 -> 001000000101111111 000000000000000000000011111001010011011001010110 1 100000101011000101000111010011100110111111000000
000000100100001101 000000100100000000 000000000000000000000010011011110010100000001100 000111100001111111 000100011011011011 00011011 000000000000000001101101101010100001100011111011 1 -> 001000000101111111 000000000000000000000100100101000000101001110011 1 000010101010000101101011100000101111000100111111
000001101101111001 000100011000101000 000000000000000001000001111010010110010110100011 000100001010110111 000101011010101110 00011011 000000000000000001101110010100110010100011000111 1 -> 001000000101111111 000000000000000000000100100101000000101001110011 0 100100101001000110001111101101110111001010111110
000001101101111001 000100011000101000 000000000000000001000001111010010110010110100011 000100001010110111 000101011010101110 00011011 000000000000000001101110010100110010100011000111 1 -> 001011111010100111 000000000000000000000100100101000000101001110011 1 000110101000000110110011111010111111010000111101
000001101101111001 000100011000101000 000000000000000001000001111010010110010110100011 000100001010110111 000101011010101110 00011011 000000000000000001101110010100110010100011000111 1 -> 001000100011011111 000000000000000000010100011101011011100111101111 0 010001011111001000100001110100001011001011100100
000001101101111001 000100011000101000 000000000000000001000001111010010110010110100011 000100001010110111 000101011010101110 00011011 000000000000000001101110010100110010100011000111 1 -> 001000100011011111 000000000000000000001110101100000011011001100111 0 011100010110001010001111101101010011101111000011
000000010010111110 000101100100011100 000000000000000001011011011110110001101001111001 000110111011000011 000110001101111101 00011011 000000000000000001110110001010100011010111100001 1 -> 001000100011011111 000000000000000000001110101100000011011001100111 0 100111001101001011111101100110011100010010100010
000000010010111110 000101100100011100 000000000000000001011011011110110001101001111001 000110111011000011 000110001101111101 00011011 000000000000000001110110001010100011010111100001 1 -> 001001101111010011 000000000000000000001110101100000011011001100111 0 110010000100001101101011011111100100110110000001
000000010010111110 000101100100011100 000000000000000001011011011110110001101001111001 000110111011000011 000110001101111101 00011011 000000000000000001110110001010100011010111100001 1 -> 001100011111011111 000000000000000000000010111000101111001010011010 1 101101000111001101111110011101101110100101010100
000000010010111110 000101100100011100 000000000000000001011011011110110001101001111001 000110111011000011 000110001101111101 00011011 000000000000000001110110001010100011010111100001 1 -> 001100011111011111 000000000000000000000011101100111101001110000010 1 101000001010001110010001011011111011000100110011
000000111011000110 000101101110100000 000000000000000001100111010011010000100000101101 000000011111001100 000110010100010011 00011011 000000000000000001010110110000110101001110111111 1 -> 001100011111011111 000000000000000000000011101100111101001110000010 1 100011001101001110100100011010000111100100010010
000000111011000110 000101101110100000 000000000000000001100111010011010000100000101101 000000011111001100 000110010100010011 00011011 000000000000000001010110110000110101001110111111 1 -> 001100101001100011 000000000000000000000011101100111101001110000010 1 011110010000001110110111011000010100000011110001
000000111011000110 000101101110100000 000000000000000001100111010011010000100000101101 000000011111001100 000110010100010011 00011011 000000000000000001010110110000110101001110111111 1 -> 000110001101101100 000000000000000000001011101011011111001010010010 0 111101011100001111110010011110100000101101010100
000000111011000110 000101101110100000 000000000000000001100111010011010000100000101101 000000011111001100 000110010100010011 00011011 000000000000000001010110110000110101001110111111 1 -> 000110001101101100 000000000000000000000101101111001100110110001000 1 011100101000010000101101100100100110111011000000
000101110011101101 000110001111010010 000000000000000001110100100010000010110110001110 000110110111110101 000010100100110000 00011011 000000000000000001011011010111000100101000010000 1 -> 000110001101101100 000000000000000000000101101111001100110110001000 0 111011110100010001101000101010101101001000101100
000101110011101101 000110001111010010 000000000000000001110100100010000010110110001110 000110110111110101 000010100100110000 00011011 000000000000000001011011010111000100101000010000 1 -> 000110101110011110 000000000000000000000101101111001100110110001000 1 011011000000010010100011110000110011010110011000
000101110011101101 000110001111010010 000000000000000001110100100010000010110110001110 000110110111110101 000010100100110000 00011011 000000000000000001011011010111000100101000010000 1 -> 001101000111000111 000000000000000000100111000100000110100101000110 1 010010110101011000010111011101111010000100110110
000101110011101101 000110001111010010 000000000000000001110100100010000010110110001110 000110110111110101 000010100100110000 00011011 000000000000000001011011010111000100101000010000 1 -> 001101000111000111 000000000000000001001100001001011011100100111011 1 001010101010011110001011001011000111001011111101
000101101100011111 000101100000111100 000000000000000001101000110011010111000000010100 000110010110100111 000010111101001000 00011011 000000000000000000011101000001000001001001111000 1 -> 001101000111000111 000000000000000001001100001001011011100100111011 1 000010011111100011111110111000010100010011000100
000101101100011111 000101100000111100 000000000000000001101000110011010111000000010100 000110010110100111 000010111101001000 00011011 000000000000000000011101000001000001001001111000 1 -> 001100011000110001 000000000000000001001100001001011011100100111011 0 111010010100101001110010100101100001011010001011
000101101100011111 000101100000111100 000000000000000001101000110011010111000000010100 000110010110100111 000010111101001000 00011011 000000000000000000011101000001000001001001111000 1 -> 001011110111100011 000000000000000001000110100010110110101011101111 1 010000111011101111011111000100101101110010111100
000101101100011111 000101100000111100 000000000000000001101000110011010111000000010100 000110010110100111 000010111101001000 00011011 000000000000000000011101000001000001001001111000 1 -> 001011110111100011 000000000000000001000011100101101010111101111101 0 100111100010110101001011100011111001101010011111
000100111101110100 000010101000011011 000000000000000000101011011011100111010000000110 000100101110100111 000000001011100101 00011011 000000000000000001111011000000000100100001110110 1 -> 001011110111100011 000000000000000001000011100101101010111101111101 0 111110001001111010111000000011000101100010000010
000100111101110100 000010101000011011 000000000000000000101011011011100111010000000110 000100101110100111 000000001011100101 00011011 000000000000000001111011000000000100100001110110 1 -> 001000111111000010 000000000000000001000011100101101010111101111101 1 010100110001000000100100100010010001011001100101
000100111101110100 000010101000011011 000000000000000000101011011011100111010000000110 000100101110100111 000000001011100101 00011011 000000000000000001111011000000000100100001110110 1 -> 000111010111000010 000000000000000000101100100111100000000111101000 1 000011011000000101100010010110011010011000100111
000100111101110100 000010101000011011 000000000000000000101011011011100111010000000110 000100101110100111 000000001011100101 00011011 000000000000000001111011000000000100100001110110 1 -> 000111010111000010 000000000000000000100100100011000011100111101000 0 110001111111001010100000001010100001101111101001
000101111001100011 000111000100010100 000000000000000000000101010111010000101011100001 000011100011010001 000111010110001111 00011011 000000000000000001001101110001100001111010001010 1 -> 000111010111000010 000000000000000000100100100011000011100111101000 1 100000100110001111011101111110101001000110101011
000101111001100011 000111000100010100 000000000000000000000101010111010000101011100001 000011100011010001 000111010110001111 00011011 000000000000000001001101110001100001111010001010 1 -> 001011110010111011 000000000000000000100100100011000011100111101000 1 001111001101010100011011110010110000011101101101
000101111001100011 000111000100010100 000000000000000000000101010111010000101011100001 000011100011010001 000111010110001111 00011011 000000000000000001001101110001100001111010001010 1 -> 001010100111100101 000000000000000001000101100101011010011001010001 0 110010011110011010010101010101111100010000101000
000101111001100011 000111000100010100 000000000000000000000101010111010000101011100001 000011100011010001 000111010110001111 00011011 000000000000000001001101110001100001111010001010 1 -> 001010100111100101 000000000000000000111110101000111100100110001111 1 010101101111100000001110111001000110111000001101
000011010010110010 000100001111100100 000000000000000000100010110101100010000100000100 000010010011010111 000110110111101001 00011011 000000000000000001100001000111100010100101000010 1 -> 001010100111100101 000000000000000000111110101000111100100110001111 0 111001000000100110001000011100010001011111110010
000011010010110010 000100001111100100 000000000000000000100010110101100010000100000100 000010010011010111 000110110111101001 00011011 000000000000000001100001000111100010100101000010 1 -> 000111110010110101 000000000000000000111110101000111100100110001111 1 011100010001101100000001111111011100000111010111
000011010010110010 000100001111100100 000000000000000000100010110101100010000100000100 000010010011010111 000110110111101001 00011011 000000000000000001100001000111100010100101000010 1 -> 000110100010111011 000000000000000000011001101010110111100111011010 0 101111101000101111010100110001100011111010001100
000011010010110010 000100001111100100 000000000000000000100010110101100010000100000100 000010010011010111 000110110111101001 00011011 000000000000000001100001000111100010100101000010 1 -> 000110100010111011 000000000000000000010101100011101100111000000110 1 000010111111110010100111100011101010011101000111
000000011011100011 000011100001000011 000000000000000000000010101000010110111110010101 000101101111011010 000000001100001100 00011011 000000000000000001111111000111110101011100101110 1 -> 000110100010111011 000000000000000000010101100011101100111000000110 0 010110010110110101111010010101110001000000000010
000000011011100011 000011100001000011 000000000000000000000010101000010110111110010101 000101101111011010 000000001100001100 00011011 000000000000000001111111000111110101011100101110 1 -> 000101110100011010 000000000000000000010101100011101100111000000110 0 101001101101111001001101000111110111100010111101
000000011011100011 000011100001000011 000000000000000000000010101000010110111110010101 000101101111011010 000000001100001100 00011011 000000000000000001111111000111110101011100101110 1 -> 001001010000011101 000000000000000000000010100000010010101000001110 1 011001000111111001101000101010111101010111010111
000000011011100011 000011100001000011 000000000000000000000010101000010110111110010101 000101101111011010 000000001100001100 00011011 000000000000000001111111000111110101011100101110 1 -> 001001010000011101 000000000000000000000011111111000000001110110111 1 001000100001111010000100001110000110100111110100
000001100000110011 000111111010110100 000000000000000000101110110100110011110010111010 000100100010010000 000110110001100011 00011011 000000000000000000111110111110010001100101110011 1 -> 001001010000011101 000000000000000000000011111111000000001110110111 0 110111111011111010011111110001001111111000010001
000001100000110011 000111111010110100 000000000000000000101110110100110011110010111010 000100100010010000 000110110001100011 00011011 000000000000000000111110111110010001100101110011 1 -> 001101101010001110 000000000000000000000011111111000000001110110111 1 100111010101111010111011010100011001001000101110
000001100000110011 000111111010110100 000000000000000000101110110100110011110010111010 000100100010010000 000110110001100011 00011011 000000000000000000111110111110010001100101110011 1 -> 001100011101000100 000000000000000000010100101010001101101001001010 1 001001100101111100011100000111100110110010111100
000001100000110011 000111111010110100 000000000000000000101110110100110011110010111010 000100100010010000 000110110001100011 00011011 000000000000000000111110111110010001100101110011 1 -> 001100011101000100 000000000000000000010010110101100001001010001100 0 101011110101111101111100111010110011010000000000
000111000001100001 000001110001011011 000000000000000000111101000100000000111011010011 000010010101111111 000111101111010101 00011011 000000000000000001001010110111110010010011000000 1 -> 001100011101000100 000000000000000000010010110101100001001010001100 1 001110000101111111011101101101111111101101000100
000111000001100001 000001110001011011 000000000000000000111101000100000000111011010011 000010010101111111 000111101111010101 00011011 000000000000000001001010110111110010010011000000 1 -> 000110010011101011 000000000000000000010010110101100001001010001100 0 110000010110000000111110100001001100001010001000
000111000001100001 000001110001011011 000000000000000000111101000100000000111011010011 000010010101111111 000111101111010101 00011011 000000000000000001001010110111110010010011000000 1 -> 000100000111011010 000000000000000000101100010011010000110100001011 1 000110010101001000000000000010010010011101110011
000111000001100001 000001110001011011 000000000000000000111101000100000000111011010011 000010010101111111 000111101111010101 00011011 000000000000000001001010110111110010010011000000 1 -> 000100000111011010 000000000000000000011100111010000101001110011010 0 011100010100001111000001100011010110100101001101
000000010101110010 000100001111001010 000000000000000001001101001010010010101000010010 000001111111111011 000010100011101010 00011011 000000000000000001100010110101100110110000100111 1 -> 000100000111011010 000000000000000000011100111010000101001110011010 0 110010010011010110000011000100011010101100100111
000000010101110010 000100001111001010 000000000000000001001101001010010010101000010010 000001111111111011 000010100011101010 00011011 000000000000000001100010110101100110110000100111 1 -> 000110100101001001 000000000000000000011100111010000101001110011010 1 001000010010011101000100100101011110110100000001
000000010101110010 000100001111001010 000000000000000001001101001010010010101000010010 000001111111111011 000010100011101010 00011011 000000000000000001100010110101100110110000100111 1 -> 000110001111000101 000000000000000000000010001111010100111110000010 1 001000001101011101011010010111100101011001001010
000000010101110010 000100001111001010 000000000000000001001101001010010010101000010010 000001111111111011 000010100011101010 00011011 000000000000000001100010110101100110110000100111 1 -> 000110001111000101 000000000000000000000010000111110100011010111010 1 001000001000011101110000001001101011101000001111
000001100010111011 000111010011101010 000000000000000000010101101001100110111000110101 000100001110010011 000001110101100011 00011011 000000000000000000110101101111000100100110110110 1 -> 000110001111000101 000000000000000000000010000111110100011010111010 1 001000000011011110000101111011110001110111010100
000001100010111011 000111010011101010 000000000000000000010101101001100110111000110101 000100001110010011 000001110101100011 00011011 000000000000000000110101101111000100100110110110 1 -> 001001010011100101 000000000000000000000010000111110100011010111010 1 000111111110011110011011101101111000000110011001
000001100010111011 000111010011101010 000000000000000000010101101001100110111000110101 000100001110010011 000001110101100011 00011011 000000000000000000110101101111000100100110110110 1 -> 001011100001111101 000000000000000000001110011000100011101101000111 0 010110010001011111111110101001000001011001111110
000001100010111011 000111010011101010 000000000000000000010101101001100110111000110101 000100001110010011 000001110101100011 00011011 000000000000000000110101101111000100100110110110 1 -> 001011100001111101 000000000000000000010001110100100111101101001111 0 100100100100100001100001100100001100111011111011
000101010101010100 000000000000110100 000000000000000001110110111100010011010001001110 000000010010101011 000100011000011100 00011011 000000000000000001011111101101110101111111000100 1 -> 001011100001111101 000000000000000000010001110100100111101101001111 0 110010110111100011000100011111011000011101111000
000101010101010100 000000000000110100 000000000000000001110110111100010011010001001110 000000010010101011 000100011000011100 00011011 000000000000000001011111101101110101111111000100 1 -> 000100001111000111 000000000000000000010001110100100111101101001111 1 000001001010100100100111011010100011111111110101
000101010101010100 000000000000110100 000000000000000001110110111100010011010001001110 000000010010101011 000100011000011100 00011011 000000000000000001011111101101110101111111000100 1 -> 000000010011011111 000000000000000000010110100101110101000001001100 0 010011110101101001111100101110101000001110111100
000101010101010100 000000000000110100 000000000000000001110110111100010011010001001110 000000010010101011 000100011000011100 00011011 000000000000000001011111101101110101111111000100 1 -> 000000010011011111 000000000000000000000001100111111010010000101100 0 100110100000101111010010000010101000100010011011
000000111110100001 000001000111011110 000000000000000000100001010000000110001011000111 000011000101100111 000011010110101010 00011011 000000000000000001010110100010100100011101111011 1 -> 000000010011011111 000000000000000000000001100111111010010000101100 0 111001001011110100100111010110101000110101111010
000000111110100001 000001000111011110 000000000000000000100001010000000110001011000111 000011000101100111 000011010110101010 00011011 000000000000000001010110100010100100011101111011 1 -> 000001011010001001 000000000000000000000001100111111010010000101100 1 001011110110111001111100101010101001001001011001
000000111110100001 000001000111011110 000000000000000000100001010000000110001011000111 000011000101100111 000011010110101010 00011011 000000000000000001010110100010100100011101111011 1 -> 000100001101000101 000000000000000000000001011000000011001100101001 0 010001011101111010111011001011101010100011100010
000000111110100001 000001000111011110 000000000000000000100001010000000110001011000111 000011000101100111 000011010110101010 00011011 000000000000000001010110100010100100011101111011 1 -> 000100001101000101 000000000000000000000100000110110101100101100101 0 010111000100111011111001101100101110110000100111
000001011100100001 000101111001110001 000000000000000001011000011100010001110111110100 000011011000101010 000000111001010010 00011011 000000000000000001101000101101100100110001111110 1 -> 000100001101000101 000000000000000000000100000110110101100101100101 0 011100101011111100111000001101110010111101101100
000001011100100001 000101111001110001 000000000000000001011000011100010001110111110100 000011011000101010 000000111001010010 00011011 000000000000000001101000101101100100110001111110 1 -> 001000111111011000 000000000000000000000100000110110101100101100101 0 100010010010111101110110101110110111001010110001
000001011100100001 000101111001110001 000000000000000001011000011100010001110111110100 000011011000101010 000000111001010010 00011011 000000000000000001101000101101100100110001111110 1 -> 001001010010011011 000000000000000000001100111111101111001011011000 0 111010111100111111010011010000000000001010001001
000001011100100001 000101111001110001 000000000000000001011000011100010001110111110100 000011011000101010 000000111001010010 00011011 000000000000000001101000101101100100110001111110 1 -> 001001010010011011 000000000000000000001101011011010001010011111011 1 010011100111000000101111110001001001011100100100
000010000111111111 000110101110111101 000000000000000001100111110110110111111111000100 000000111110000011 000101000101100101 00011011 000000000000000001011011110111100001110000010001 1 -> 001001010010011011 000000000000000000001101011011010001010011111011 0 101100010001000010001100010010010010101110111111
000010000111111111 000110101110111101 000000000000000001100111110110110111111111000100 000000111110000011 000101000101100101 00011011 000000000000000001011011110111100001110000010001 1 -> 001010000111100111 000000000000000000001101011011010001010011111011 1 000100111011000011101000110011011100000001011010
000010000111111111 000110101110111101 000000000000000001100111110110110111111111000100 000000111110000011 000101000101100101 00011011 000000000000000001011011110111100001110000010001 1 -> 000111101101000000 000000000000000000010101100000000000110000011001 1 000010111110000101110000110010100110001001000001
000010000111111111 000110101110111101 000000000000000001100111110110110111111111000100 000000111110000011 000101000101100101 00011011 000000000000000001011011110111100001110000010001 1 -> 000111101101000000 000000000000000000010000010111100000010011000000 1 000001000001000111111000110001101101110110000001
000011111111110001 000111000010011001 000000000000000001000101010111100100111010010010 000011001000001100 000100101011101011 00011011 000000000000000000101001101101010111111011000101 1 -> 000111101101000000 000000000000000000010000010111100000010011000000 0 111111000100001010000000110000110101100011000001
000011111111110001 000111000010011001 000000000000000001000101010111100100111010010010 000011001000001100 000100101011101011 00011011 000000000000000000101001101101010111111011000101 1 -> 001000000000011100 000000000000000000010000010111100000010011000000 1 111101000111001100001000101111111101010000000001
000011111111110001 000111000010011001 000000000000000001000101010111100100111010010010 000011001000001100 000100101011101011 00011011 000000000000000000101001101101010111111011000101 1 -> 001010001010100101 000000000000000000011111111111110111111001011100 1 000101010011010000001000100001000101010000011101
000011111111110001 000111000010011001 000000000000000001000101010111100100111010010010 000011001000001100 000100101011101011 00011011 000000000000000000101001101101010111111011000101 1 -> 001010001010100101 000000000000000000101000100111111011100001010101 0 001101011111010100001000010010001111011011000010
000001100100000010 000100110100010110 000000000000000000001110010001110100100111111111 000111001111110001 000001000001010111 00011011 000000000000000001000011110000000111110101100110 1 -> 001010001010100101 000000000000000000101000100111111011100001010101 0 010101101011011000001000000011011001100101100111
000001100100000010 000100110100010110 000000000000000000001110010001110100100111111111 000111001111110001 000001000001010111 00011011 000000000000000001000011110000000111110101100110 1 -> 000111111100100010 000000000000000000101000100111111011100001010101 0 011101110111011100000111110100100011110000001100
000001100100000010 000100110100010110 000000000000000000001110010001110100100111111111 000111001111110001 000001000001010111 00011011 000000000000000001000011110000000111110101100110 1 -> 001100000100000111 000000000000000000001100011010110101000001000100 0 101101101000011101101011110110101011101100101110
000001100100000010 000100110100010110 000000000000000000001110010001110100100111111111 000111001111110001 000001000001010111 00011011 000000000000000001000011110000000111110101100110 1 -> 001100000100000111 000000000000000000010010110110110011000100001110 0 111101011001011111001111111000110111110000110101
000010110111101101 000100001100100010 000000000000000001100010111010010101001100001110 000010011000010111 000100011111000011 00011011 000000000000000000101111011010100010011110010011 1 -> 001100000100000111 000000000000000000010010110110110011000100001110 1 001101001010100000110011111011000011110100111100
000010110111101101 000100001100100010 000000000000000001100010111010010101001100001110 000010011000010111 000100011111000011 00011011 000000000000000000101111011010100010011110010011 1 -> 001011011100010011 000000000000000000010010110110110011000100001110 0 011100111011100010010111111101001111111001000011
000010110111101101 000100001100100010 000000000000000001100010111010010101001100001110 000010011000010111 000100011111000011 00011011 000000000000000000101111011010100010011110010011 1 -> 000110100100111001 000000000000000000100000110101111101001110010111 0 110101010010100101001111101010011011010101010110
000010110111101101 000100001100100010 000000000000000001100010111010010101001100001110 000010011000010111 000100011111000011 00011011 000000000000000000101111011010100010011110010011 1 -> 000110100100111001 000000000000000000010010111000000110111011000101 1 001101101001101000000111010111100001111010001111
000000010111101010 000010100110010110 000000000000000000000011000100100000010110100001 000011010101101010 000011111010010000 00011011 000000000000000000001000011000000110100111000011 1 -> 000110100100111001 000000000000000000010010111000000110111011000101 0 100110000000101010111111000100101000011111001000
000000010111101010 000010100110010110 000000000000000000000011000100100000010110100001 000011010101101010 000011111010010000 00011011 000000000000000000001000011000000110100111000011 1 -> 000100111110101101 000000000000000000010010111000000110111011000101 0 111110010111101101110110110001101111000100000001
000000010111101010 000010100110010110 000000000000000000000011000100100000010110100001 000011010101101010 000011111010010000 00011011 000000000000000000001000011000000110100111000011 1 -> 000101111100000000 000000000000000000000001110101110011010100100010 1 010100000001101110001110011011110100000010101110
000000010111101010 000010100110010110 000000000000000000000011000100100000010110100001 000011010101101010 000011111010010000 00011011 000000000000000000001000011000000110100111000011 1 -> 000101111100000000 000000000000000000000010001100011101011000000000 0 101001101011101110100110000101111001111110101110
000101000011011101 000000001110111001 000000000000000001001110010000010111110010100100 000001101001000010 000011111011001001 00011011 000000000000000001001011000111010011110111000111 1 -> 000101111100000000 000000000000000000000010001100011101011000000000 0 111111010101101110111101101111111111111010101110
000101000011011101 000000001110111001 000000000000000001001110010000010111110010100100 000001101001000010 000011111011001001 00011011 000000000000000001001011000111010011110111000111 1 -> 000011100100100011 000000000000000000000010001100011101011000000000 1 010100111111101111010101011010000101110110101110
000101000011011101 000000001110111001 000000000000000001001110010000010111110010100100 000001101001000010 000011111011001001 00011011 000000000000000001001011000111010011110111000111 1 -> 000001110111111011 000000000000000000010010000011000100001100110111 0 111110000001110100011000110111001001011011010001
000101000011011101 000000001110111001 000000000000000001001110010000010111110010100100 000001101001000010 000011111011001001 00011011 000000000000000001001011000111010011110111000111 1 -> 000001110111111011 000000000000000000001001011110000101000110101111 1 100111000011111001011100010100001011010011001100
000000111011111111 000110010110011110 000000000000000001000111101100110111001100100010 000000100100011110 000101001111111011 00011011 000000000000000001111101111100100111100010110110 1 -> 000001110111111011 000000000000000000001001011110000101000110101111 1 010000000101111110011111110001001101001011000111
000000111011111111 000110010110011110 000000000000000001000111101100110111001100100010 000000100100011110 000101001111111011 00011011 000000000000000001111101111100100111100010110110 1 -> 000111111111100000 000000000000000000001001011110000101000110101111 0 111001001000000011100011001110001111000011000010
000000111011111111 000110010110011110 000000000000000001000111101100110111001100100010 000000100100011110 000101001111111011 00011011 000000000000000001111101111100100111100010110110 1 -> 000110111010111100 000000000000000000000111011111011010000000100000 1 011101100110000100011111001101010111000010100010
000000111011111111 000110010110011110 000000000000000001000111101100110111001100100010 000000100100011110 000101001111111011 00011011 000000000000000001111101111100100111100010110110 1 -> 000110111010111100 000000000000000000000110011111001001010101000100 1 000010000100000101011011001100011101111101011110
000111111111001101 000100010011001000 000000000000000001001101011101000001010011000011 000101100010010010 000110100011100010 00011011 000000000000000001011010100011110011011011011111 1 -> 000110111010111100 000000000000000000000110011111001001010101000100 0 100110100010000110010111001011100100111000011010
000111111111001101 000100010011001000 000000000000000001001101011101000001010011000011 000101100010010010 000110100011100010 00011011 000000000000000001011010100011110011011011011111 1 -> 000100110111100110 000000000000000000000110011111001001010101000100 1 001011000000000111010011001010101011110011010110
000111111111001101 000100010011001000 000000000000000001001101011101000001010011000011 000101100010010010 000110100011100010 00011011 000000000000000001011010100011110011011011011111 1 -> 001001110101011010 000000000000000000100110111000110111101100101110 0 101101010010001111010010010111110000101010111100
000111111111001101 000100010011001000 000000000000000001001101011101000001010011000011 000101100010010010 000110100011100010 00011011 000000000000000001011010100011110011011011011111 1 -> 001001110101011010 000000000000000001001110100011011010011100010010 1 001111100100010111010001100100111010100000010110
000001011101100010 000010000101010101 000000000000000001000001010000100101100110110010 000101100111111010 000101111110111001 00011011 000000000000000001110001000100010101111001101101 1 -> 001001110101011010 000000000000000001001110100011011010011100010010 0 110001110110011111010000110010000100010101110000
000001011101100010 000010000101010101 000000000000000001000001010000100101100110110010 000101100111111010 000101111110111001 00011011 000000000000000001110001000100010101111001101101 1 -> 000111100111100111 000000000000000001001110100011011010011100010010 1 010100001000100111001111111111001110001011001010
000001011101100010 000010000101010101 000000000000000001000001010000100101100110110010 000101100111111010 000101111110111001 00011011 000000000000000001110001000100010101111001101101 1 -> 000111101101001111 000000000000000000001011001000100110101101101110 0 111100000010101000101101100001010101110010110001
000001011101100010 000010000101010101 000000000000000001000001010000100101100110110010 000101100111111010 000101111110111001 00011011 000000000000000001110001000100010101111001101101 1 -> 000111101101001111 000000000000000000001011010000110100110100111110 1 100011111100101010001011000011011101100000000000
000011101111011000 000011110110100100 000000000000000000101001110100110110100001100010 000001001100100111 000000110001101011 00011011 000000000000000000001010110111010111001011010101 1 -> 000111101101001111 000000000000000000001011010000110100110100111110 1 001011110110101011101000100101100101001101001111
000011101111011000 000011110110100100 000000000000000000101001110100110110100001100010 000001001100100111 000000110001101011 00011011 000000000000000000001010110111010111001011010101 1 -> 001001011110011110 000000000000000000001011010000110100110100111110 0 110011110000101101000110000111101100111010011110
000011101111011000 000011110110100100 000000000000000000101001110100110110100001100010 000001001100100111 000000110001101011 00011011 000000000000000000001010110111010111001011010101 1 -> 000101000011001011 000000000000000000100011011100010101011101010000 1 000000010111110000110101011111110110011000111100
000011101111011000 000011110110100100 000000000000000000101001110100110110100001100010 000001001100100111 000000110001101011 00011011 000000000000000000001010110111010111001011010101 1 -> 000101000011001011 000000000000000000010010111000101111010001001000 0 001100111110110100100100110111111011011100000111
000011101010011000 000011110010000110 000000000000000000110000001110110010000001011100 000101100110001100 000011101100011110 00011011 000000000000000000010010010110000001101101011011 1 -> 000101000011001011 000000000000000000010010111000101111010001001000 0 011001100101111000010100010000000000011111010010
000011101010011000 000011110010000110 000000000000000000110000001110110010000001011100 000101100110001100 000011101100011110 00011011 000000000000000000010010010110000001101101011011 1 -> 000100111110101101 000000000000000000010010111000101111010001001000 0 100110001100111100000011101000000101100010011101
000011101010011000 000011110010000110 000000000000000000110000001110110010000001011100 000101100110001100 000011101100011110 00011011 000000000000000000010010010110000001101101011011 1 -> 001001011000010010 000000000000000000010010001111001000000010111000 1 001100011000111111101110000000001010100001001010
000011101010011000 000011110010000110 000000000000000000110000001110110010000001011100 000101100110001100 000011101100011110 00011011 000000000000000000010010010110000001101101011011 1 -> 001001011000010010 000000000000000000100010010110010010111010110000 0 110010100101000011011000011000010011111001011100
000110101001010110 000000100001110100 000000000000000001111110010001010110101110001010 000110010011110111 000110011100011111 00011011 000000000000000000011101011001100110010111101110 1 -> 001001011000010010 000000000000000000100010010110010010111010110000 1 011000110001000111000010110000011101010001101110
000110101001010110 000000100001110100 000000000000000001111110010001010110101110001010 000110010011110111 000110011100011111 00011011 000000000000000000011101011001100110010111101110 1 -> 000110001000000000 000000000000000000100010010110010010111010110000 0 111110111101001010101101001000100110101010000000
000110101001010110 000000100001110100 000000000000000001111110010001010110101110001010 000110010011110111 000110011100011111 00011011 000000000000000000011101011001100110010111101110 1 -> 000110110101101011 000000000000000000101000101101001110110000000000 1 010010110100010001010110011110101100110010000000
000110101001010110 000000100001110100 000000000000000001111110010001010110101110001010 000110010011110111 000110011100011111 00011011 000000000000000000011101011001100110010111101110 1 -> 000110110101101011 000000000000000000101101011100110000111111110010 0 100110101011010111111111110100110011100111101011
000011110111111010 000100110011010000 000000000000000000010101000111100100010010110010 000011110111111101 000011100001000010 00011011 000000000000000000110011000111000110110010011100 1 -> 000110110101101011 000000000000000000101101011100110000111111110010 0 111010100010011110101001001010111010011101010110
000011110111111010 000100110011010000 000000000000000000010101000111100100010010110010 000011110111111101 000011100001000010 00011011 000000000000000000110011000111000110110010011100 1 -> 001011000111000111 000000000000000000101101011100110000111111110010 1 001110011001100101010010100001000001010011000001
000011110111111010 000100110011010000 000000000000000000010101000111100100010010110010 000011110111111101 000011100001000010 00011011 000000000000000000110011000111000110110010011100 1 -> 001000101011001101 000000000000000000101011000010100000011101010110 1 000110010110101001001010011011001100011010001000
000011110111111010 000100110011010000 000000000000000000010101000111100100010010110010 000011110111111101 000011100001000010 00011011 000000000000000000110011000111000110110010011100 1 -> 001000101011001101 000000000000000000100001100110100110010100110010 0 111110010011101101000010010101010101000101010101
000111110100000001 000001101001001101 000000000000000001011001001010110111011000011111 000001011111111100 000001000000101100 00011011 000000000000000001110111111101100100010010110110 1 -> 001000101011001101 000000000000000000100001100110100110010100110010 1 110110010000110000111010001111011101110000100010
000111110100000001 000001101001001101 000000000000000001011001001010110111011000011111 000001011111111100 000001000000101100 00011011 000000000000000001110111111101100100010010110110 1 -> 000101100001001010 000000000000000000100001100110100110010100110010 1 101110001101110100110010001001100110011011101111
000111110100000001 000001101001001101 000000000000000001011001001010110111011000011111 000001011111111100 000001000000101100 00011011 000000000000000001110111111101100100010010110110 1 -> 000011001001001001 000000000000000000101011000111000111101001001010 1 001110001001111100100110001010101011111100111001
000111110100000001 000001101001001101 000000000000000001011001001010110111011000011111 000001011111111100 000001000000101100 00011011 000000000000000001110111111101100100010010110110 1 -> 000011001001001001 000000000000000000011000100011011101011101001001 0 101110000110000100011010001011101111000110000010
000001110101110100 000011010111101001 000000000000000001101111111100000000010011000101 000011110110111001 000110101010001000 00011011 000000000000000000011000011010100100110101110111 1 -> 000011001001001001 000000000000000000011000100011011101011101001001 1 001110000010001100001110001100110010001111001011
000001110101110100 000011010111101001 000000000000000001101111111100000000010011000101 000011110110111001 000110101010001000 00011011 000000000000000000011000011010100100110101110111 1 -> 000100110111100101 000000000000000000011000100011011101011101001001 0 101101111110010100000010001101110101011000010100
000001110101110100 000011010111101001 000000000000000001101111111100000000010011000101 000011110110111001 000110101010001000 00011011 000000000000000000011000011010100100110101110111 1 -> 000111001110100010 000000000000000000001000111101100011110011000100 1 100100110111010101111000000001111010001111111001
000001110101110100 000011010111101001 000000000000000001101111111100000000010011000101 000011110110111001 000110101010001000 00011011 000000000000000000011000011010100100110101110111 1 -> 000111001110100010 000000000000000000001101010011011011111101101000 1 011011110000010111101101110110000001011110011011
000001110011001111 000101011100100000 000000000000000001100000110001000010110100111101 000010101111101011 000011100010111000 00011011 000000000000000001101101110001110000100110000100 1 -> 000111001110100010 000000000000000000001101010011011011111101101000 1 010010101001011001100011101010001000101100111101
000001110011001111 000101011100100000 000000000000000001100000110001000010110100111101 000010101111101011 000011100010111000 00011011 000000000000000001101101110001110000100110000100 1 -> 001001010011011001 000000000000000000001101010011011011111101101000 1 001001100010011011011001011110001111111011011111
000001110011001111 000101011100100000 000000000000000001100000110001000010110100111101 000010101111101011 000011100010111000 00011011 000000000000000001101101110001110000100110000100 1 -> 001000001100001011 000000000000000000010000110000000001011101110111 0 111001001101011101001100101101011001001110111000
000001110011001111 000101011100100000 000000000000000001100000110001000010110100111101 000010101111101011 000011100010111000 00011011 000000000000000001101101110001110000100110000100 1 -> 001000001100001011 000000000000000000001110101111110010100111100101 1 101000111000011110111111111100100001011011000011
000000011000110111 000000110000001011 000000000000000000000010111001010110001110110000 000111000010111000 000011001110001100 00011011 000000000000000000000100101011000100100011100010 1 -> 001000001100001011 000000000000000000001110101111110010100111100101 1 011000100011100000110011001011101001100111001110
000000011000110111 000000110000001011 000000000000000000000010111001010110001110110000 000111000010111000 000011001110001100 00011011 000000000000000000000100101011000100100011100010 1 -> 000011011111110110 000000000000000000001110101111110010100111100101 1 001000001110100010100110011010110001110011011001
000000011000110111 000000110000001011 000000000000000000000010111001010110001110110000 000111000010111000 000011001110001100 00011011 000000000000000000000100101011000100100011100010 1 -> 000111110011000011 000000000000000000000001010110111100100111011010 0 001011000110100010111111010001110101010011001111
000000011000110111 000000110000001011 000000000000000000000010111001010110001110110000 000111000010111000 000011001110001100 00011011 000000000000000000000100101011000100100011100010 1 -> 000111110011000011 000000000000000000000011000001110101111111100101 0 001101111110100011011000001000111101000110010010
000100110010001110 000000001001100111 000000000000000000000010001110010010000010010100 000111101010110011 000101010000101100 00011011 000000000000000001000101000101100110100000110100 1 -> 000111110011000011 000000000000000000000011000001110101111111100101 0 010000110110100011110001000000000100111001010101
000100110010001110 000000001001100111 000000000000000000000010001110010010000010010100 000111101010110011 000101010000101100 00011011 000000000000000001000101000101100110100000110100 1 -> 000111001100011111 000000000000000000000011000001110101111111100101 0 010011101110100100001001110111001100101100011000
000100110010001110 000000001001100111 000000000000000000000010001110010010000010010100 000111101010110011 000101010000101100 00011011 000000000000000001000101000101100110100000110100 1 -> 000111110100011010 000000000000000000100010011011010000111100110010 0 111110100001101000111100000101010011111000110111
000100110010001110 000000001001100111 000000000000000000000010001110010010000010010100 000111101010110011 000101010000101100 00011011 000000000000000001000101000101100110100000110100 1 -> 000111110100011010 000000000000000000100101011010010001110001101100 1 101001010100101101101110010011011011101101010001
000011100101000111 000111001011000000 000000000000000000011100101101100001101100000110 000010000010001011 000111110101010001 00011011 000000000000000001011101101011010000101000001101 1 -> 000111110100011010 000000000000000000100101011010010001110001101100 1 010100000111110010100000100001100011100001101011
000011100101000111 000111001011000000 000000000000000000011100101101100001101100000110 000010000010001011 000111110101010001 00011011 000000000000000001011101101011010000101000001101 1 -> 001110110101110011 000000000000000000100101011010010001110001101100 0 111110111010110111010010101111101011010110000101
000011100101000111 000111001011000000 000000000000000000011100101101100001101100000110 000010000010001011 000111110101010001 00011011 000000000000000001011101101011010000101000001101 1 -> 001001001101001011 000000000000000000110101001000000111010111100101 1 000001000101111010110111110110111010001011111000
000011100101000111 000111001011000000 000000000000000000011100101101100001101100000110 000010000010001011 000111110101010001 00011011 000000000000000001011101101011010000101000001101 1 -> 001001001101001011 000000000000000000100000111101001000110011001101 0 000011010000111110011100111110000011011001000011
000010101010000111 000011011010110010 000000000000000001100110101011100000100110110010 000001110001001001 000111111011111010 00011011 000000000000000000010101010110100111110000000001 1 -> 001001001101001011 000000000000000000100000111101001000110011001101 0 000101011100000010000010000101001100100110001110
000010101010000111 000011011010110010 000000000000000001100110101011100000100110110010 000001110001001001 000111111011111010 00011011 000000000000000000010101010110100111110000000001 1 -> 000101011100111101 000000000000000000100000111101001000110011001101 0 000111100111000101100111001100010101110011011001
000010101010000111 000011011010110010 000000000000000001100110101011100000100110110010 000001110001001001 000111111011111010 00011011 000000000000000000010101010110100111110000000001 1 -> 000101001011111011 000000000000000000001110011111100000001100101011 0 111000110000001000010001010011011011010000010110
000010101010000111 000011011010110010 000000000000000001100110101011100000100110110010 000001110001001001 000111111011111010 00011011 000000000000000000010101010110100111110000000001 1 -> 000101001011111011 000000000000000000001101110010001111000001011101 1 101001111001001010111011011010100000011100010001
000100000100010001 000101011010101010 000000000000000001111101011110010110000011010110 000000101110010001 000000101010101101 00011011 000000000000000001010011110011110001110100100101 1 -> 000101001011111011 000000000000000000001101110010001111000001011101 1 011011000010001101100101100001100101101000001100
000100000100010001 000101011010101010 000000000000000001111101011110010110000011010110 000000101110010001 000000101010101101 00011011 000000000000000001010011110011110001110100100101 1 -> 000111001011110011 000000000000000000001101110010001111000001011101 1 001100001011010000001111101000101010110100000111
000100000100010001 000101011010101010 000000000000000001111101011110010110000011010110 000000101110010001 000000101010101101 00011011 000000000000000001010011110011110001110100100101 1 -> 000110001000111011 000000000000000000011101001101110101010100100011 0 111010011100010100010011111001110001111111111010
000100000100010001 000101011010101010 000000000000000001111101011110010110000011010110 000000101110010001 000000101010101101 00011011 000000000000000001010011110011110001110100100101 1 -> 000110001000111011 000000000000000000011000111101111000000011101011 1 101000101101011000011000001010111000001000110101
000000110010111010 000101000110001011 000000000000000001000111000100010000001100011001 000110000110001101 000100000110111000 00011011 000000000000000001000100011010000111110010011110 1 -> 000110001000111011 000000000000000000011000111101111000000011101011 1 010110111110011100011100011011111110010001110000
000000110010111010 000101000110001011 000000000000000001000111000100010000001100011001 000110000110001101 000100000110111000 00011011 000000000000000001000100011010000111110010011110 1 -> 000101110100011100 000000000000000000011000111101111000000011101011 1 000101001111100000100000101101000100011010101011
000000110010111010 000101000110001011 000000000000000001000111000100010000001100011001 000110000110001101 000100000110111000 00011011 000000000000000001000100011010000111110010011110 1 -> 001011001100011000 000000000000000000000100101000001111011001011000 0 001011011100100001010011100111001010001111000111
000000110010111010 000101000110001011 000000000000000001000111000100010000001100011001 000110000110001101 000100000110111000 00011011 000000000000000001000100011010000111110010011110 1 -> 001011001100011000 000000000000000000001000111001110011111101110000 0 010001101001100010000110100001010101011011011111
000111000001110000 000011111011110111 000000000000000000111000111100110111100100111000 000000010100001110 000001100100111011 00011011 000000000000000001111000101100010011010111111100 1 -> 001011001100011000 000000000000000000001000111001110011111101110000 0 010111110110100010111001011011100000100111110111
000111000001110000 000011111011110111 000000000000000000111000111100110111100100111000 000000010100001110 000001100100111011 00011011 000000000000000001111000101100010011010111111100 1 -> 001010000010000100 000000000000000000001000111001110011111101110000 0 011110000011100011101100010101101011110100001111
000111000001110000 000011111011110111 000000000000000000111000111100110111100100111000 000000010100001110 000001100100111011 00011011 000000000000000001111000101100010011010111111100 1 -> 000100010000000101 000000000000000001000110011111111111100111000000 0 110010010001101010101110000101110101110110010011
000111000001110000 000011111011110111 000000000000000000111000111100110111100100111000 000000010100001110 000001100100111011 00011011 000000000000000001111000101100010011010111111100 1 -> 000100010000000101 000000000000000000011101110111111111001000110000 1 000110011111110001101111110101111010000110011000
000011100101100101 000010111001000011 000000000000000000001110011111100000011110001110 000111011001011000 000101111111001001 00011011 000000000000000000110101000000110110001100000011 1 -> 000100010000000101 000000000000000000011101110111111111001000110000 0 011010101101111000110001100101111110010110011101
000011100101100101 000010111001000011 000000000000000000001110011111100000011110001110 000111011001011000 000101111111001001 00011011 000000000000000000110101000000110110001100000011 1 -> 000011001101010001 000000000000000000011101110111111111001000110000 0 101110111011111111110011010110000010100110100010
000011100101100101 000010111001000011 000000000000000000001110011111100000011110001110 000111011001011000 000101111111001001 00011011 000000000000000000110101000000110110001100000011 1 -> 001010010010011011 000000000000000000001011100000010100011111110101 1 001000010100000011011000111011000101110011110011
000011100101100101 000010111001000011 000000000000000000001110011111100000011110001110 000111011001011000 000101111111001001 00011011 000000000000000000110101000000110110001100000011 1 -> 001010010010011011 000000000000000000100100111001110111010000100111 0 100001101100000110111110100000010000000110001110
000001011010111100 000001001110100101 000000000000000000011011101101010010001101101001 000111101011101110 000100010001100100 00011011 000000000000000000010110100110100010100000110111 1 -> 001010010010011011 000000000000000000100100111001110111010000100111 0 111011000100001010100100000101011010011000101001
000001011010111100 000001001110100101 000000000000000000011011101101010010001101101001 000111101011101110 000100010001100100 00011011 000000000000000000010110100110100010100000110111 1 -> 001000100111111101 000000000000000000100100111001110111010000100111 1 010100011100001110001001101010100100101011000100
000001011010111100 000001001110100101 000000000000000000011011101101010010001101101001 000111101011101110 000100010001100100 00011011 000000000000000000010110100110100010100000110111 1 -> 001000111010010011 000000000000000000001100010000010001001111001100 1 000000001010001111100100100110101101010011000001
000001011010111100 000001001110100101 000000000000000000011011101101010010001101101001 000111101011101110 000100010001100100 00011011 000000000000000000010110100110100010100000110111 1 -> 001000111010010011 000000000000000000001100101010010101010111110100 0 101011111000010000111111100010110110001101010100
