000111010011100001 000100000100110110 000000000000000001101001001111000011100010001010 000101011001001011 000111011000101111 00101110 000000000000000000101110110000100001001111110010 1 -> 000001001110100101 000000000000000000000001101111101001101100101100 0 000011010111101111110101011101011001000111001010
000111010011100001 000100000100110110 000000000000000001101001001111000011100010001010 000101011001001011 000111011000101111 00101110 000000000000000000101110110000100001001111110010 1 -> 000100000100110110 000000000000000000000001101111101001101100101100 0 000011010111110000100100001101111010010110111101
000111010011100001 000100000100110110 000000000000000001101001001111000011100010001010 000101011001001011 000111011000101111 00101110 000000000000000000101110110000100001001111110010 1 -> 000100000100110110 000000000000000000011101110001011100100001110110 0 000011010111110010001101011100111101111001001000
000111010011100001 000100000100110110 000000000000000001101001001111000011100010001010 000101011001001011 000111011000101111 00101110 000000000000000000101110110000100001001111110010 1 -> 000100000100110110 000000000000000000011101110001011100100001110110 0 000011010111110011110110101100000001011011010011
000110010100111111 000001010001110010 000000000000000000110011111011010001010011000011 000001100010000110 000001101101010000 00101110 000000000000000000000101111011000001111100000100 1 -> 000100000100110110 000000000000000000011101110001011100100001110110 0 000011010111110101011111111011000100111101011110
000110010100111111 000001010001110010 000000000000000000110011111011010001010011000011 000001100010000110 000001101101010000 00101110 000000000000000000000101111011000001111100000100 1 -> 000001010001110010 000000000000000000011101110001011100100001110110 0 000011010111110111001001001010001000011111101001
000110010100111111 000001010001110010 000000000000000000110011111011010001010011000011 000001100010000110 000001101101010000 00101110 000000000000000000000101111011000001111100000100 1 -> 000001010001110010 000000000000000000001000000101100000001000001110 0 000011010111110111111101000101011001110010101101
000110010100111111 000001010001110010 000000000000000000110011111011010001010011000011 000001100010000110 000001101101010000 00101110 000000000000000000000101111011000001111100000100 1 -> 000001010001110010 000000000000000000001000000101100000001000001110 0 000011010111111000110001000000101011000101110001
000000001111110011 000100011000101000 000000000000000001011111011110010100001011101101 000000110100011011 000101100001011001 00101110 000000000000000000101010011010100100100000100101 1 -> 000001010001110010 000000000000000000001000000101100000001000001110 0 000011010111111001100100111011111100011000110101
000000001111110011 000100011000101000 000000000000000001011111011110010100001011101101 000000110100011011 000101100001011001 00101110 000000000000000000101010011010100100100000100101 1 -> 000100011000101000 000000000000000000001000000101100000001000001110 0 000011010111111010011000110111001101101011111001
000000001111110011 000100011000101000 000000000000000001011111011110010100001011101101 000000110100011011 000101100001011001 00101110 000000000000000000101010011010100100100000100101 1 -> 000100011000101000 000000000000000000000001000101010000111111111000 0 000011010111111011111000010101100001110111100111
000000001111110011 000100011000101000 000000000000000001011111011110010100001011101101 000000110100011011 000101100001011001 00101110 000000000000000000101010011010100100100000100101 1 -> 000100011000101000 000000000000000000000001000101010000111111111000 0 000011010111111101010111110011110110000011010101
000110101111110111 000000111100011001 000000000000000001000001101110110100000101011001 000100101111000101 000010110110101111 00101110 000000000000000000111000000011010011011111111110 1 -> 000100011000101000 000000000000000000000001000101010000111111111000 0 000011010111111110110111010010001010001111000011
000110101111110111 000000111100011001 000000000000000001000001101110110100000101011001 000100101111000101 000010110110101111 00101110 000000000000000000111000000011010011011111111110 1 -> 000000111100011001 000000000000000000000001000101010000111111111000 0 000011011000000000010110110000011110011010110001
000110101111110111 000000111100011001 000000000000000001000001101110110100000101011001 000100101111000101 000010110110101111 00101110 000000000000000000111000000011010011011111111110 1 -> 000000111100011001 000000000000000000000110010111100000010000011111 0 000011011000000001011000011111010010100000001011
000110101111110111 000000111100011001 000000000000000001000001101110110100000101011001 000100101111000101 000010110110101111 00101110 000000000000000000111000000011010011011111111110 1 -> 000000111100011001 000000000000000000000110010111100000010000011111 0 000011011000000010011010001110000110100101100101
000000010111001101 000101110001110000 000000000000000000001110111111000110111100011100 000101101111011110 000111100101000001 00101110 000000000000000001010110011100100001101001101101 1 -> 000000111100011001 000000000000000000000110010111100000010000011111 0 000011011000000011011011111100111010101010111111
000000010111001101 000101110001110000 000000000000000000001110111111000110111100011100 000101101111011110 000111100101000001 00101110 000000000000000001010110011100100001101001101101 1 -> 000101110001110000 000000000000000000000110010111100000010000011111 0 000011011000000100011101101011101110110000011001
000000010111001101 000101110001110000 000000000000000000001110111111000110111100011100 000101101111011110 000111100101000001 00101110 000000000000000001010110011100100001101001101101 1 -> 000101110001110000 000000000000000000000010000110000011010110110000 0 000011011000000100101100101010110101101100110110
000000010111001101 000101110001110000 000000000000000000001110111111000110111100011100 000101101111011110 000111100101000001 00101110 000000000000000001010110011100100001101001101101 1 -> 000101110001110000 000000000000000000000010000110000011010110110000 0 000011011000000100111011101001111100101001010011
000010101000011001 000110010000000000 000000000000000001010111100111110100111101111000 000111001111001010 000010011100010010 00101110 000000000000000000100111010000010000010001101101 1 -> 000101110001110000 000000000000000000000010000110000011010110110000 0 000011011000000101001010101001000011100101110000
000010101000011001 000110010000000000 000000000000000001010111100111110100111101111000 000111001111001010 000010011100010010 00101110 000000000000000000100111010000010000010001101101 1 -> 000110010000000000 000000000000000000000010000110000011010110110000 0 000011011000000101011001101000001010100010001101
000010101000011001 000110010000000000 000000000000000001010111100111110100111101111000 000111001111001010 000010011100010010 00101110 000000000000000000100111010000010000010001101101 1 -> 000110010000000000 000000000000000000010000011100011100010000000000 0 000011011000000110110001001111111111100000000110
000010101000011001 000110010000000000 000000000000000001010111100111110100111101111000 000111001111001010 000010011100010010 00101110 000000000000000000100111010000010000010001101101 1 -> 000110010000000000 000000000000000000010000011100011100010000000000 0 000011011000001000001000110111110100011101111111
000011000111001100 000010001100111011 000000000000000000100110111111010011100101111100 000001110101001001 000110110110011010 00101110 000000000000000001011111000110110010111011111000 1 -> 000110010000000000 000000000000000000010000011100011100010000000000 0 000011011000001001100000011111101001011011111000
000011000111001100 000010001100111011 000000000000000000100110111111010011100101111100 000001110101001001 000110110110011010 00101110 000000000000000001011111000110110010111011111000 1 -> 000010001100111011 000000000000000000010000011100011100010000000000 0 000011011000001010111000000111011110011001110001
000011000111001100 000010001100111011 000000000000000000100110111111010011100101111100 000001110101001001 000110110110011010 00101110 000000000000000001011111000110110010111011111000 1 -> 000010001100111011 000000000000000000000110110110100101111000000100 0 000011011000001011011111000110110001111111101110
000011000111001100 000010001100111011 000000000000000000100110111111010011100101111100 000001110101001001 000110110110011010 00101110 000000000000000001011111000110110010111011111000 1 -> 000010001100111011 000000000000000000000110110110100101111000000100 0 000011011000001100000110000110000101100101101011
000011111000111111 000111110111010000 000000000000000000000010000101000010001011010000 000110010100101110 000100100100000111 00101110 000000000000000000110001000011010100110100101010 1 -> 000010001100111011 000000000000000000000110110110100101111000000100 0 000011011000001100101101000101011001001011101000
000011111000111111 000111110111010000 000000000000000000000010000101000010001011010000 000110010100101110 000100100100000111 00101110 000000000000000000110001000011010100110100101010 1 -> 000111110111010000 000000000000000000000110110110100101111000000100 0 000011011000001101010100000100101100110001100101
000011111000111111 000111110111010000 000000000000000000000010000101000010001011010000 000110010100101110 000100100100000111 00101110 000000000000000000110001000011010100110100101010 1 -> 000111110111010000 000000000000000000011110100101110101011000110000 0 000011011000001101010110001001101110111100110110
000011111000111111 000111110111010000 000000000000000000000010000101000010001011010000 000110010100101110 000100100100000111 00101110 000000000000000000110001000011010100110100101010 1 -> 000111110111010000 000000000000000000011110100101110101011000110000 0 000011011000001101011000001110110001001000000111
000000100100001101 000000100100000000 000000000000000000000010011011110010100000001100 000111100001111111 000100011011011011 00101110 000000000000000001101101101010100001100011111011 1 -> 000111110111010000 000000000000000000011110100101110101011000110000 0 000011011000001101011010010011110011010011011000
000000100100001101 000000100100000000 000000000000000000000010011011110010100000001100 000111100001111111 000100011011011011 00101110 000000000000000001101101101010100001100011111011 1 -> 000000100100000000 000000000000000000011110100101110101011000110000 0 000011011000001101011100011000110101011110101001
000000100100001101 000000100100000000 000000000000000000000010011011110010100000001100 000111100001111111 000100011011011011 00101110 000000000000000001101101101010100001100011111011 1 -> 000000100100000000 000000000000000000000000010100010111010100000000 0 000011011000001101011110110100100111111110110110
000000100100001101 000000100100000000 000000000000000000000010011011110010100000001100 000111100001111111 000100011011011011 00101110 000000000000000001101101101010100001100011111011 1 -> 000000100100000000 000000000000000000000000010100010111010100000000 0 000011011000001101100001010000011010011111000011
000001101101111001 000100011000101000 000000000000000001000001111010010110010110100011 000100001010110111 000101011010101110 00101110 000000000000000001101110010100110010100011000111 1 -> 000000100100000000 000000000000000000000000010100010111010100000000 0 000011011000001101100011101100001100111111010000
000001101101111001 000100011000101000 000000000000000001000001111010010110010110100011 000100001010110111 000101011010101110 00101110 000000000000000001101110010100110010100011000111 1 -> 000100011000101000 000000000000000000000000010100010111010100000000 0 000011011000001101100110000111111111011111011101
000001101101111001 000100011000101000 000000000000000001000001111010010110010110100011 000100001010110111 000101011010101110 00101110 000000000000000001101110010100110010100011000111 1 -> 000100011000101000 000000000000000000000111100001110110000011101000 0 000011011000001110101000000010010101110110000001
000001101101111001 000100011000101000 000000000000000001000001111010010110010110100011 000100001010110111 000101011010101110 00101110 000000000000000001101110010100110010100011000111 1 -> 000100011000101000 000000000000000000000111100001110110000011101000 0 000011011000001111101001111100101100001100100101
000000010010111110 000101100100011100 000000000000000001011011011110110001101001111001 000110111011000011 000110001101111101 00101110 000000000000000001110110001010100011010111100001 1 -> 000100011000101000 000000000000000000000111100001110110000011101000 0 000011011000010000101011110111000010100011001001
000000010010111110 000101100100011100 000000000000000001011011011110110001101001111001 000110111011000011 000110001101111101 00101110 000000000000000001110110001010100011010111100001 1 -> 000101100100011100 000000000000000000000111100001110110000011101000 0 000011011000010001101101110001011000111001101101
000000010010111110 000101100100011100 000000000000000001011011011110110001101001111001 000110111011000011 000110001101111101 00101110 000000000000000001110110001010100011010111100001 1 -> 000101100100011100 000000000000000000000001101001101001001011001000 0 000011011000010011001001010000001010100011100111
000000010010111110 000101100100011100 000000000000000001011011011110110001101001111001 000110111011000011 000110001101111101 00101110 000000000000000001110110001010100011010111100001 1 -> 000101100100011100 000000000000000000000001101001101001001011001000 0 000011011000010100100100101110111100001101100001
000000111011000110 000101101110100000 000000000000000001100111010011010000100000101101 000000011111001100 000110010100010011 00101110 000000000000000001010110110000110101001110111111 1 -> 000101100100011100 000000000000000000000001101001101001001011001000 0 000011011000010110000000001101101101110111011011
000000111011000110 000101101110100000 000000000000000001100111010011010000100000101101 000000011111001100 000110010100010011 00101110 000000000000000001010110110000110101001110111111 1 -> 000101101110100000 000000000000000000000001101001101001001011001000 0 000011011000010111011011101100011111100001010101
000000111011000110 000101101110100000 000000000000000001100111010011010000100000101101 000000011111001100 000110010100010011 00101110 000000000000000001010110110000110101001110111111 1 -> 000101101110100000 000000000000000000000101010010011001110111000000 0 000011011000011001000010111111110000000010000011
000000111011000110 000101101110100000 000000000000000001100111010011010000100000101101 000000011111001100 000110010100010011 00101110 000000000000000001010110110000110101001110111111 1 -> 000101101110100000 000000000000000000000101010010011001110111000000 0 000011011000011010101010010011000000100010110001
000101110011101101 000110001111010010 000000000000000001110100100010000010110110001110 000110110111110101 000010100100110000 00101110 000000000000000001011011010111000100101000010000 1 -> 000101101110100000 000000000000000000000101010010011001110111000000 0 000011011000011100010001100110010001000011011111
000101110011101101 000110001111010010 000000000000000001110100100010000010110110001110 000110110111110101 000010100100110000 00101110 000000000000000001011011010111000100101000010000 1 -> 000110001111010010 000000000000000000000101010010011001110111000000 0 000011011000011101111000111001100001100100001101
000101110011101101 000110001111010010 000000000000000001110100100010000010110110001110 000110110111110101 000010100100110000 00101110 000000000000000001011011010111000100101000010000 1 -> 000110001111010010 000000000000000000100100001110111110000101101010 0 000011011000011111101101011011100100011010011100
000101110011101101 000110001111010010 000000000000000001110100100010000010110110001110 000110110111110101 000010100100110000 00101110 000000000000000001011011010111000100101000010000 1 -> 000110001111010010 000000000000000000100100001110111110000101101010 0 000011011000100001100001111101100111010000101011
000101101100011111 000101100000111100 000000000000000001101000110011010111000000010100 000110010110100111 000010111101001000 00101110 000000000000000000011101000001000001001001111000 1 -> 000110001111010010 000000000000000000100100001110111110000101101010 0 000011011000100011010110011111101010000110111010
000101101100011111 000101100000111100 000000000000000001101000110011010111000000010100 000110010110100111 000010111101001000 00101110 000000000000000000011101000001000001001001111000 1 -> 000101100000111100 000000000000000000100100001110111110000101101010 0 000011011000100101001011000001101100111101001001
000101101100011111 000101100000111100 000000000000000001101000110011010111000000010100 000110010110100111 000010111101001000 00101110 000000000000000000011101000001000001001001111000 1 -> 000101100000111100 000000000000000000011111011010000000001101000100 0 000011011000100110110011110101000011111101011110
000101101100011111 000101100000111100 000000000000000001101000110011010111000000010100 000110010110100111 000010111101001000 00101110 000000000000000000011101000001000001001001111000 1 -> 000101100000111100 000000000000000000011111011010000000001101000100 0 000011011000101000011100101000011010111101110011
000100111101110100 000010101000011011 000000000000000000101011011011100111010000000110 000100101110100111 000000001011100101 00101110 000000000000000001111011000000000100100001110110 1 -> 000101100000111100 000000000000000000011111011010000000001101000100 0 000011011000101010000101011011110001111110001000
000100111101110100 000010101000011011 000000000000000000101011011011100111010000000110 000100101110100111 000000001011100101 00101110 000000000000000001111011000000000100100001110110 1 -> 000010101000011011 000000000000000000011111011010000000001101000100 0 000011011000101011101110001111001000111110011101
000100111101110100 000010101000011011 000000000000000000101011011011100111010000000110 000100101110100111 000000001011100101 00101110 000000000000000001111011000000000100100001110110 1 -> 000010101000011011 000000000000000000001101000100010110100100111100 0 000011011000101100011001101010110000001110100100
000100111101110100 000010101000011011 000000000000000000101011011011100111010000000110 000100101110100111 000000001011100101 00101110 000000000000000001111011000000000100100001110110 1 -> 000010101000011011 000000000000000000001101000100010110100100111100 0 000011011000101101000101000110010111011110101011
000101111001100011 000111000100010100 000000000000000000000101010111010000101011100001 000011100011010001 000111010110001111 00101110 000000000000000001001101110001100001111010001010 1 -> 000010101000011011 000000000000000000001101000100010110100100111100 0 000011011000101101110000100001111110101110110010
000101111001100011 000111000100010100 000000000000000000000101010111010000101011100001 000011100011010001 000111010110001111 00101110 000000000000000001001101110001100001111010001010 1 -> 000111000100010100 000000000000000000001101000100010110100100111100 0 000011011000101110011011111101100101111110111001
000101111001100011 000111000100010100 000000000000000000000101010111010000101011100001 000011100011010001 000111010110001111 00101110 000000000000000001001101110001100001111010001010 1 -> 000111000100010100 000000000000000000101001101100010001001010111100 0 000011011000101110100001010100110110101010011011
000101111001100011 000111000100010100 000000000000000000000101010111010000101011100001 000011100011010001 000111010110001111 00101110 000000000000000001001101110001100001111010001010 1 -> 000111000100010100 000000000000000000101001101100010001001010111100 0 000011011000101110100110101100000111010101111101
000011010010110010 000100001111100100 000000000000000000100010110101100010000100000100 000010010011010111 000110110111101001 00101110 000000000000000001100001000111100010100101000010 1 -> 000111000100010100 000000000000000000101001101100010001001010111100 0 000011011000101110101100000011011000000001011111
000011010010110010 000100001111100100 000000000000000000100010110101100010000100000100 000010010011010111 000110110111101001 00101110 000000000000000001100001000111100010100101000010 1 -> 000100001111100100 000000000000000000101001101100010001001010111100 0 000011011000101110110001011010101000101101000001
000011010010110010 000100001111100100 000000000000000000100010110101100010000100000100 000010010011010111 000110110111101001 00101110 000000000000000001100001000111100010100101000010 1 -> 000100001111100100 000000000000000000001101111110011000010010001000 0 000011011000101111010100010000001010110001000110
000011010010110010 000100001111100100 000000000000000000100010110101100010000100000100 000010010011010111 000110110111101001 00101110 000000000000000001100001000111100010100101000010 1 -> 000100001111100100 000000000000000000001101111110011000010010001000 0 000011011000101111110111000101101100110101001011
000000011011100011 000011100001000011 000000000000000000000010101000010110111110010101 000101101111011010 000000001100001100 00101110 000000000000000001111111000111110101011100101110 1 -> 000100001111100100 000000000000000000001101111110011000010010001000 0 000011011000110000011001111011001110111001010000
000000011011100011 000011100001000011 000000000000000000000010101000010110111110010101 000101101111011010 000000001100001100 00101110 000000000000000001111111000111110101011100101110 1 -> 000011100001000011 000000000000000000001101111110011000010010001000 0 000011011000110000111100110000110000111101010101
000000011011100011 000011100001000011 000000000000000000000010101000010110111110010101 000101101111011010 000000001100001100 00101110 000000000000000001111111000111110101011100101110 1 -> 000011100001000011 000000000000000000000001100000110111010101101001 0 000011011000110000111111011001000111111011101011
000000011011100011 000011100001000011 000000000000000000000010101000010110111110010101 000101101111011010 000000001100001100 00101110 000000000000000001111111000111110101011100101110 1 -> 000011100001000011 000000000000000000000001100000110111010101101001 0 000011011000110001000010000001011110111010000001
000001100000110011 000111111010110100 000000000000000000101110110100110011110010111010 000100100010010000 000110110001100011 00101110 000000000000000000111110111110010001100101110011 1 -> 000011100001000011 000000000000000000000001100000110111010101101001 0 000011011000110001000100101001110101111000010111
000001100000110011 000111111010110100 000000000000000000101110110100110011110010111010 000100100010010000 000110110001100011 00101110 000000000000000000111110111110010001100101110011 1 -> 000111111010110100 000000000000000000000001100000110111010101101001 0 000011011000110001000111010010001100110110101101
000001100000110011 000111111010110100 000000000000000000101110110100110011110010111010 000100100010010000 000110110001100011 00101110 000000000000000000111110111110010001100101110011 1 -> 000111111010110100 000000000000000000001011111110100001110111011100 0 000011011000110001110110000111000000101001101000
000001100000110011 000111111010110100 000000000000000000101110110100110011110010111010 000100100010010000 000110110001100011 00101110 000000000000000000111110111110010001100101110011 1 -> 000111111010110100 000000000000000000001011111110100001110111011100 0 000011011000110010100100111011110100011100100011
000111000001100001 000001110001011011 000000000000000000111101000100000000111011010011 000010010101111111 000111101111010101 00101110 000000000000000001001010110111110010010011000000 1 -> 000111111010110100 000000000000000000001011111110100001110111011100 0 000011011000110011010011110000101000001111011110
000111000001100001 000001110001011011 000000000000000000111101000100000000111011010011 000010010101111111 000111101111010101 00101110 000000000000000001001010110111110010010011000000 1 -> 000001110001011011 000000000000000000001011111110100001110111011100 0 000011011000110100000010100101011100000010011001
000111000001100001 000001110001011011 000000000000000000111101000100000000111011010011 000010010101111111 000111101111010101 00101110 000000000000000001001010110111110010010011000000 1 -> 000001110001011011 000000000000000000001100011100101000111001111011 0 000011011000110100111111101001011100111101101101
000111000001100001 000001110001011011 000000000000000000111101000100000000111011010011 000010010101111111 000111101111010101 00101110 000000000000000001001010110111110010010011000000 1 -> 000001110001011011 000000000000000000001100011100101000111001111011 0 000011011000110101111100101101011101111001000001
000000010101110010 000100001111001010 000000000000000001001101001010010010101000010010 000001111111111011 000010100011101010 00101110 000000000000000001100010110101100110110000100111 1 -> 000001110001011011 000000000000000000001100011100101000111001111011 0 000011011000110110111001110001011110110100010101
000000010101110010 000100001111001010 000000000000000001001101001010010010101000010010 000001111111111011 000010100011101010 00101110 000000000000000001100010110101100110110000100111 1 -> 000100001111001010 000000000000000000001100011100101000111001111011 0 000011011000110111110110110101011111101111101001
000000010101110010 000100001111001010 000000000000000001001101001010010010101000010010 000001111111111011 000010100011101010 00101110 000000000000000001100010110101100110110000100111 1 -> 000100001111001010 000000000000000000000001011100010010000111110100 0 000011011000111001000011111111110010010111111100
000000010101110010 000100001111001010 000000000000000001001101001010010010101000010010 000001111111111011 000010100011101010 00101110 000000000000000001100010110101100110110000100111 1 -> 000100001111001010 000000000000000000000001011100010010000111110100 0 000011011000111010010001001010000101000000001111
000001100010111011 000111010011101010 000000000000000000010101101001100110111000110101 000100001110010011 000001110101100011 00101110 000000000000000000110101101111000100100110110110 1 -> 000100001111001010 000000000000000000000001011100010010000111110100 0 000011011000111011011110010100010111101000100010
000001100010111011 000111010011101010 000000000000000000010101101001100110111000110101 000100001110010011 000001110101100011 00101110 000000000000000000110101101111000100100110110110 1 -> 000111010011101010 000000000000000000000001011100010010000111110100 0 000011011000111100101011011110101010010000110101
000001100010111011 000111010011101010 000000000000000000010101101001100110111000110101 000100001110010011 000001110101100011 00101110 000000000000000000110101101111000100100110110110 1 -> 000111010011101010 000000000000000000001011010010110101011011101110 0 000011011000111101000001001000010001001001101011
000001100010111011 000111010011101010 000000000000000000010101101001100110111000110101 000100001110010011 000001110101100011 00101110 000000000000000000110101101111000100100110110110 1 -> 000111010011101010 000000000000000000001011010010110101011011101110 0 000011011000111101010110110001111000000010100001
000101010101010100 000000000000110100 000000000000000001110110111100010011010001001110 000000010010101011 000100011000011100 00101110 000000000000000001011111101101110101111111000100 1 -> 000111010011101010 000000000000000000001011010010110101011011101110 0 000011011000111101101100011011011110111011010111
000101010101010100 000000000000110100 000000000000000001110110111100010011010001001110 000000010010101011 000100011000011100 00101110 000000000000000001011111101101110101111111000100 1 -> 000000000000110100 000000000000000000001011010010110101011011101110 0 000011011000111110000010000101000101110100001101
000101010101010100 000000000000110100 000000000000000001110110111100010011010001001110 000000010010101011 000100011000011100 00101110 000000000000000001011111101101110101111111000100 1 -> 000000000000110100 000000000000000000000000000100010101010100010000 0 000011011000111111111001000001011001000101011100
000101010101010100 000000000000110100 000000000000000001110110111100010011010001001110 000000010010101011 000100011000011100 00101110 000000000000000001011111101101110101111111000100 1 -> 000000000000110100 000000000000000000000000000100010101010100010000 0 000011011001000001101111111101101100010110101011
000000111110100001 000001000111011110 000000000000000000100001010000000110001011000111 000011000101100111 000011010110101010 00101110 000000000000000001010110100010100100011101111011 1 -> 000000000000110100 000000000000000000000000000100010101010100010000 0 000011011001000011100110111001111111100111111010
000000111110100001 000001000111011110 000000000000000000100001010000000110001011000111 000011000101100111 000011010110101010 00101110 000000000000000001010110100010100100011101111011 1 -> 000001000111011110 000000000000000000000000000100010101010100010000 0 000011011001000101011101110110010010111001001001
000000111110100001 000001000111011110 000000000000000000100001010000000110001011000111 000011000101100111 000011010110101010 00101110 000000000000000001010110100010100100011101111011 1 -> 000001000111011110 000000000000000000000001000101110011111010011110 0 000011011001000101111111000110011001000100010001
000000111110100001 000001000111011110 000000000000000000100001010000000110001011000111 000011000101100111 000011010110101010 00101110 000000000000000001010110100010100100011101111011 1 -> 000001000111011110 000000000000000000000001000101110011111010011110 0 000011011001000110100000010110011111001111011001
000001011100100001 000101111001110001 000000000000000001011000011100010001110111110100 000011011000101010 000000111001010010 00101110 000000000000000001101000101101100100110001111110 1 -> 000001000111011110 000000000000000000000001000101110011111010011110 0 000011011001000111000001100110100101011010100001
000001011100100001 000101111001110001 000000000000000001011000011100010001110111110100 000011011000101010 000000111001010010 00101110 000000000000000001101000101101100100110001111110 1 -> 000101111001110001 000000000000000000000001000101110011111010011110 0 000011011001000111100010110110101011100101101001
000001011100100001 000101111001110001 000000000000000001011000011100010001110111110100 000011011000101010 000000111001010010 00101110 000000000000000001101000101101100100110001111110 1 -> 000101111001110001 000000000000000000001000100010000101001110010001 0 000011011001001000111011010010111101011101011110
000001011100100001 000101111001110001 000000000000000001011000011100010001110111110100 000011011000101010 000000111001010010 00101110 000000000000000001101000101101100100110001111110 1 -> 000101111001110001 000000000000000000001000100010000101001110010001 0 000011011001001010010011101111001111010101010011
000010000111111111 000110101110111101 000000000000000001100111110110110111111111000100 000000111110000011 000101000101100101 00101110 000000000000000001011011110111100001110000010001 1 -> 000101111001110001 000000000000000000001000100010000101001110010001 0 000011011001001011101100001011100001001101001000
000010000111111111 000110101110111101 000000000000000001100111110110110111111111000100 000000111110000011 000101000101100101 00101110 000000000000000001011011110111100001110000010001 1 -> 000110101110111101 000000000000000000001000100010000101001110010001 0 000011011001001101000100100111110011000100111101
000010000111111111 000110101110111101 000000000000000001100111110110110111111111000100 000000111110000011 000101000101100101 00101110 000000000000000001011011110111100001110000010001 1 -> 000110101110111101 000000000000000000001110010011101010111001000011 0 000011011001001110101100011110101011000100000010
000010000111111111 000110101110111101 000000000000000001100111110110110111111111000100 000000111110000011 000101000101100101 00101110 000000000000000001011011110111100001110000010001 1 -> 000110101110111101 000000000000000000001110010011101010111001000011 0 000011011001010000010100010101100011000011000111
000011111111110001 000111000010011001 000000000000000001000101010111100100111010010010 000011001000001100 000100101011101011 00101110 000000000000000000101001101101010111111011000101 1 -> 000110101110111101 000000000000000000001110010011101010111001000011 0 000011011001010001111100001100011011000010001100
000011111111110001 000111000010011001 000000000000000001000101010111100100111010010010 000011001000001100 000100101011101011 00101110 000000000000000000101001101101010111111011000101 1 -> 000111000010011001 000000000000000000001110010011101010111001000011 0 000011011001010011100100000011010011000001010001
000011111111110001 000111000010011001 000000000000000001000101010111100100111010010010 000011001000001100 000100101011101011 00101110 000000000000000000101001101101010111111011000101 1 -> 000111000010011001 000000000000000000011100000111111010011100001001 0 000011011001010100101001011010110111111011100100
000011111111110001 000111000010011001 000000000000000001000101010111100100111010010010 000011001000001100 000100101011101011 00101110 000000000000000000101001101101010111111011000101 1 -> 000111000010011001 000000000000000000011100000111111010011100001001 0 000011011001010101101110110010011100110101110111
000001100100000010 000100110100010110 000000000000000000001110010001110100100111111111 000111001111110001 000001000001010111 00101110 000000000000000001000011110000000111110101100110 1 -> 000111000010011001 000000000000000000011100000111111010011100001001 0 000011011001010110110100001010000001110000001010
000001100100000010 000100110100010110 000000000000000000001110010001110100100111111111 000111001111110001 000001000001010111 00101110 000000000000000001000011110000000111110101100110 1 -> 000100110100010110 000000000000000000011100000111111010011100001001 0 000011011001010111111001100001100110101010011101
000001100100000010 000100110100010110 000000000000000000001110010001110100100111111111 000111001111110001 000001000001010111 00101110 000000000000000001000011110000000111110101100110 1 -> 000100110100010110 000000000000000000000111100001111100000000101100 0 000011011001011000000111110011011011010010011101
000001100100000010 000100110100010110 000000000000000000001110010001110100100111111111 000111001111110001 000001000001010111 00101110 000000000000000001000011110000000111110101100110 1 -> 000100110100010110 000000000000000000000111100001111100000000101100 0 000011011001011000010110000101001111111010011101
000010110111101101 000100001100100010 000000000000000001100010111010010101001100001110 000010011000010111 000100011111000011 00101110 000000000000000000101111011010100010011110010011 1 -> 000100110100010110 000000000000000000000111100001111100000000101100 0 000011011001011000100100010111000100100010011101
000010110111101101 000100001100100010 000000000000000001100010111010010101001100001110 000010011000010111 000100011111000011 00101110 000000000000000000101111011010100010011110010011 1 -> 000100001100100010 000000000000000000000111100001111100000000101100 0 000011011001011000110010101000111001001010011101
000010110111101101 000100001100100010 000000000000000001100010111010010101001100001110 000010011000010111 000100011111000011 00101110 000000000000000000101111011010100010011110010011 1 -> 000100001100100010 000000000000000000001100000010110010000001111010 0 000011011001011010010101100011001110010110101100
000010110111101101 000100001100100010 000000000000000001100010111010010101001100001110 000010011000010111 000100011111000011 00101110 000000000000000000101111011010100010011110010011 1 -> 000100001100100010 000000000000000000001100000010110010000001111010 0 000011011001011011111000011101100011100010111011
000000010111101010 000010100110010110 000000000000000000000011000100100000010110100001 000011010101101010 000011111010010000 00101110 000000000000000000001000011000000110100111000011 1 -> 000100001100100010 000000000000000000001100000010110010000001111010 0 000011011001011101011011010111111000101111001010
000000010111101010 000010100110010110 000000000000000000000011000100100000010110100001 000011010101101010 000011111010010000 00101110 000000000000000000001000011000000110100111000011 1 -> 000010100110010110 000000000000000000001100000010110010000001111010 0 000011011001011110111110010010001101111011011001
000000010111101010 000010100110010110 000000000000000000000011000100100000010110100001 000011010101101010 000011111010010000 00101110 000000000000000000001000011000000110100111000011 1 -> 000010100110010110 000000000000000000000000111101011111000100011100 0 000011011001011111000001010110101110010001111011
000000010111101010 000010100110010110 000000000000000000000011000100100000010110100001 000011010101101010 000011111010010000 00101110 000000000000000000001000011000000110100111000011 1 -> 000010100110010110 000000000000000000000000111101011111000100011100 0 000011011001011111000100011011001110101000011101
000101000011011101 000000001110111001 000000000000000001001110010000010111110010100100 000001101001000010 000011111011001001 00101110 000000000000000001001011000111010011110111000111 1 -> 000010100110010110 000000000000000000000000111101011111000100011100 0 000011011001011111000111011111101110111110111111
000101000011011101 000000001110111001 000000000000000001001110010000010111110010100100 000001101001000010 000011111011001001 00101110 000000000000000001001011000111010011110111000111 1 -> 000000001110111001 000000000000000000000000111101011111000100011100 0 000011011001011111001010100100001111010101100001
000101000011011101 000000001110111001 000000000000000001001110010000010111110010100100 000001101001000010 000011111011001001 00101110 000000000000000001001011000111010011110111000111 1 -> 000000001110111001 000000000000000000000001001011010000011010110101 0 000011011001100000011000110100100111001000000110
000101000011011101 000000001110111001 000000000000000001001110010000010111110010100100 000001101001000010 000011111011001001 00101110 000000000000000001001011000111010011110111000111 1 -> 000000001110111001 000000000000000000000001001011010000011010110101 0 000011011001100001100111000100111110111010101011
000000111011111111 000110010110011110 000000000000000001000111101100110111001100100010 000000100100011110 000101001111111011 00101110 000000000000000001111101111100100111100010110110 1 -> 000000001110111001 000000000000000000000001001011010000011010110101 0 000011011001100010110101010101010110101101010000
000000111011111111 000110010110011110 000000000000000001000111101100110111001100100010 000000100100011110 000101001111111011 00101110 000000000000000001111101111100100111100010110110 1 -> 000110010110011110 000000000000000000000001001011010000011010110101 0 000011011001100100000011100101101110011111110101
000000111011111111 000110010110011110 000000000000000001000111101100110111001100100010 000000100100011110 000101001111111011 00101110 000000000000000001111101111100100111100010110110 1 -> 000110010110011110 000000000000000000000101111100111101110001100010 0 000011011001100101001011010010100101101100011000
000000111011111111 000110010110011110 000000000000000001000111101100110111001100100010 000000100100011110 000101001111111011 00101110 000000000000000001111101111100100111100010110110 1 -> 000110010110011110 000000000000000000000101111100111101110001100010 0 000011011001100110010010111111011100111000111011
000111111111001101 000100010011001000 000000000000000001001101011101000001010011000011 000101100010010010 000110100011100010 00101110 000000000000000001011010100011110011011011011111 1 -> 000110010110011110 000000000000000000000101111100111101110001100010 0 000011011001100111011010101100010100000101011110
000111111111001101 000100010011001000 000000000000000001001101011101000001010011000011 000101100010010010 000110100011100010 00101110 000000000000000001011010100011110011011011011111 1 -> 000100010011001000 000000000000000000000101111100111101110001100010 0 000011011001101000100010011001001011010010000001
000111111111001101 000100010011001000 000000000000000001001101011101000001010011000011 000101100010010010 000110100011100010 00101110 000000000000000001011010100011110011011011011111 1 -> 000100010011001000 000000000000000000100010010101100100110000101000 0 000011011001101001101111110110001100100101000101
000111111111001101 000100010011001000 000000000000000001001101011101000001010011000011 000101100010010010 000110100011100010 00101110 000000000000000001011010100011110011011011011111 1 -> 000100010011001000 000000000000000000100010010101100100110000101000 0 000011011001101010111101010011001101111000001001
000001011101100010 000010000101010101 000000000000000001000001010000100101100110110010 000101100111111010 000101111110111001 00101110 000000000000000001110001000100010101111001101101 1 -> 000100010011001000 000000000000000000100010010101100100110000101000 0 000011011001101100001010110000001111001011001101
000001011101100010 000010000101010101 000000000000000001000001010000100101100110110010 000101100111111010 000101111110111001 00101110 000000000000000001110001000100010101111001101101 1 -> 000010000101010101 000000000000000000100010010101100100110000101000 0 000011011001101101011000001101010000011110010001
000001011101100010 000010000101010101 000000000000000001000001010000100101100110110010 000101100111111010 000101111110111001 00101110 000000000000000001110001000100010101111001101101 1 -> 000010000101010101 000000000000000000000011000010110110010110001010 0 000011011001101110011001011101110110000101000100
000001011101100010 000010000101010101 000000000000000001000001010000100101100110110010 000101100111111010 000101111110111001 00101110 000000000000000001110001000100010101111001101101 1 -> 000010000101010101 000000000000000000000011000010110110010110001010 0 000011011001101111011010101110011011101011110111
000011101111011000 000011110110100100 000000000000000000101001110100110110100001100010 000001001100100111 000000110001101011 00101110 000000000000000000001010110111010111001011010101 1 -> 000010000101010101 000000000000000000000011000010110110010110001010 0 000011011001110000011011111111000001010010101010
000011101111011000 000011110110100100 000000000000000000101001110100110110100001100010 000001001100100111 000000110001101011 00101110 000000000000000000001010110111010111001011010101 1 -> 000011110110100100 000000000000000000000011000010110110010110001010 0 000011011001110001011101001111100110111001011101
000011101111011000 000011110110100100 000000000000000000101001110100110110100001100010 000001001100100111 000000110001101011 00101110 000000000000000000001010110111010111001011010101 1 -> 000011110110100100 000000000000000000001110011010001100111001100000 0 000011011001110010000111000100011101011011000000
000011101111011000 000011110110100100 000000000000000000101001110100110110100001100010 000001001100100111 000000110001101011 00101110 000000000000000000001010110111010111001011010101 1 -> 000011110110100100 000000000000000000001110011010001100111001100000 0 000011011001110010110000111001010011111100100011
000011101010011000 000011110010000110 000000000000000000110000001110110010000001011100 000101100110001100 000011101100011110 00101110 000000000000000000010010010110000001101101011011 1 -> 000011110110100100 000000000000000000001110011010001100111001100000 0 000011011001110011011010101110001010011110000110
000011101010011000 000011110010000110 000000000000000000110000001110110010000001011100 000101100110001100 000011101100011110 00101110 000000000000000000010010010110000001101101011011 1 -> 000011110010000110 000000000000000000001110011010001100111001100000 0 000011011001110100000100100011000000111111101001
000011101010011000 000011110010000110 000000000000000000110000001110110010000001011100 000101100110001100 000011101100011110 00101110 000000000000000000010010010110000001101101011011 1 -> 000011110010000110 000000000000000000001101110110100100101110010000 0 000011011001110100110100110001110011000001000110
000011101010011000 000011110010000110 000000000000000000110000001110110010000001011100 000101100110001100 000011101100011110 00101110 000000000000000000010010010110000001101101011011 1 -> 000011110010000110 000000000000000000001101110110100100101110010000 0 000011011001110101100101000000100101000010100011
000110101001010110 000000100001110100 000000000000000001111110010001010110101110001010 000110010011110111 000110011100011111 00101110 000000000000000000011101011001100110010111101110 1 -> 000011110010000110 000000000000000000001101110110100100101110010000 0 000011011001110110010101001111010111000100000000
000110101001010110 000000100001110100 000000000000000001111110010001010110101110001010 000110010011110111 000110011100011111 00101110 000000000000000000011101011001100110010111101110 1 -> 000000100001110100 000000000000000000001101110110100100101110010000 0 000011011001110111000101011110001001000101011101
000110101001010110 000000100001110100 000000000000000001111110010001010110101110001010 000110010011110111 000110011100011111 00101110 000000000000000000011101011001100110010111101110 1 -> 000000100001110100 000000000000000000000011100000101101111011111000 0 000011011001111001000011101111011111110011101000
000110101001010110 000000100001110100 000000000000000001111110010001010110101110001010 000110010011110111 000110011100011111 00101110 000000000000000000011101011001100110010111101110 1 -> 000000100001110100 000000000000000000000011100000101101111011111000 0 000011011001111011000010000000110110100001110011
000011110111111010 000100110011010000 000000000000000000010101000111100100010010110010 000011110111111101 000011100001000010 00101110 000000000000000000110011000111000110110010011100 1 -> 000000100001110100 000000000000000000000011100000101101111011111000 0 000011011001111101000000010010001101001111111110
000011110111111010 000100110011010000 000000000000000000010101000111100100010010110010 000011110111111101 000011100001000010 00101110 000000000000000000110011000111000110110010011100 1 -> 000100110011010000 000000000000000000000011100000101101111011111000 0 000011011001111110111110100011100011111110001001
000011110111111010 000100110011010000 000000000000000000010101000111100100010010110010 000011110111111101 000011100001000010 00101110 000000000000000000110011000111000110110010011100 1 -> 000100110011010000 000000000000000000010010100110001001001100100000 0 000011011001111111010011101011001000010000111100
000011110111111010 000100110011010000 000000000000000000010101000111100100010010110010 000011110111111101 000011100001000010 00101110 000000000000000000110011000111000110110010011100 1 -> 000100110011010000 000000000000000000010010100110001001001100100000 0 000011011001111111101000110010101100100011101111
000111110100000001 000001101001001101 000000000000000001011001001010110111011000011111 000001011111111100 000001000000101100 00101110 000000000000000001110111111101100100010010110110 1 -> 000100110011010000 000000000000000000010010100110001001001100100000 0 000011011001111111111101111010010000110110100010
000111110100000001 000001101001001101 000000000000000001011001001010110111011000011111 000001011111111100 000001000000101100 00101110 000000000000000001110111111101100100010010110110 1 -> 000001101001001101 000000000000000000010010100110001001001100100000 0 000011011010000000010011000001110101001001010101
000111110100000001 000001101001001101 000000000000000001011001001010110111011000011111 000001011111111100 000001000000101100 00101110 000000000000000001110111111101100100010010110110 1 -> 000001101001001101 000000000000000000001100110101111011001101001101 0 000011011010000001101100001100101100100001110101
000111110100000001 000001101001001101 000000000000000001011001001010110111011000011111 000001011111111100 000001000000101100 00101110 000000000000000001110111111101100100010010110110 1 -> 000001101001001101 000000000000000000001100110101111011001101001101 0 000011011010000011000101010111100011111010010101
000001110101110100 000011010111101001 000000000000000001101111111100000000010011000101 000011110110111001 000110101010001000 00101110 000000000000000000011000011010100100110101110111 1 -> 000001101001001101 000000000000000000001100110101111011001101001101 0 000011011010000100011110100010011011010010110101
000001110101110100 000011010111101001 000000000000000001101111111100000000010011000101 000011110110111001 000110101010001000 00101110 000000000000000000011000011010100100110101110111 1 -> 000011010111101001 000000000000000000001100110101111011001101001101 0 000011011010000101110111101101010010101011010101
000001110101110100 000011010111101001 000000000000000001101111111100000000010011000101 000011110110111001 000110101010001000 00101110 000000000000000000011000011010100100110101110111 1 -> 000011010111101001 000000000000000000000110001100111101001010010100 0 000011011010000111100111101001010010111110011011
000001110101110100 000011010111101001 000000000000000001101111111100000000010011000101 000011110110111001 000110101010001000 00101110 000000000000000000011000011010100100110101110111 1 -> 000011010111101001 000000000000000000000110001100111101001010010100 0 000011011010001001010111100101010011010001100001
000001110011001111 000101011100100000 000000000000000001100000110001000010110100111101 000010101111101011 000011100010111000 00101110 000000000000000001101101110001110000100110000100 1 -> 000011010111101001 000000000000000000000110001100111101001010010100 0 000011011010001011000111100001010011100100100111
000001110011001111 000101011100100000 000000000000000001100000110001000010110100111101 000010101111101011 000011100010111000 00101110 000000000000000001101101110001110000100110000100 1 -> 000101011100100000 000000000000000000000110001100111101001010010100 0 000011011010001100110111011101010011110111101101
000001110011001111 000101011100100000 000000000000000001100000110001000010110100111101 000010101111101011 000011100010111000 00101110 000000000000000001101101110001110000100110000100 1 -> 000101011100100000 000000000000000000001001110011011111001011100000 0 000011011010001110011000001110010110101100101011
000001110011001111 000101011100100000 000000000000000001100000110001000010110100111101 000010101111101011 000011100010111000 00101110 000000000000000001101101110001110000100110000100 1 -> 000101011100100000 000000000000000000001001110011011111001011100000 0 000011011010001111111000111111011001100001101001
000000011000110111 000000110000001011 000000000000000000000010111001010110001110110000 000111000010111000 000011001110001100 00101110 000000000000000000000100101011000100100011100010 1 -> 000101011100100000 000000000000000000001001110011011111001011100000 0 000011011010010001011001110000011100010110100111
000000011000110111 000000110000001011 000000000000000000000010111001010110001110110000 000111000010111000 000011001110001100 00101110 000000000000000000000100101011000100100011100010 1 -> 000000110000001011 000000000000000000001001110011011111001011100000 0 000011011010010010111010100001011111001011100101
000000011000110111 000000110000001011 000000000000000000000010111001010110001110110000 000111000010111000 000011001110001100 00101110 000000000000000000000100101011000100100011100010 1 -> 000000110000001011 000000000000000000000000010010101101100001011101 0 000011011010010010111101011010110101011010010110
000000011000110111 000000110000001011 000000000000000000000010111001010110001110110000 000111000010111000 000011001110001100 00101110 000000000000000000000100101011000100100011100010 1 -> 000000110000001011 000000000000000000000000010010101101100001011101 0 000011011010010011000000010100001011101001000111
000100110010001110 000000001001100111 000000000000000000000010001110010010000010010100 000111101010110011 000101010000101100 00101110 000000000000000001000101000101100110100000110100 1 -> 000000110000001011 000000000000000000000000010010101101100001011101 0 000011011010010011000011001101100001110111111000
000100110010001110 000000001001100111 000000000000000000000010001110010010000010010100 000111101010110011 000101010000101100 00101110 000000000000000001000101000101100110100000110100 1 -> 000000001001100111 000000000000000000000000010010101101100001011101 0 000011011010010011000110000110111000000110101001
000100110010001110 000000001001100111 000000000000000000000010001110010010000010010100 000111101010110011 000101010000101100 00101110 000000000000000001000101000101100110100000110100 1 -> 000000001001100111 000000000000000000000000101101111110100100100010 0 000011011010010011001000010101001010001000111110
000100110010001110 000000001001100111 000000000000000000000010001110010010000010010100 000111101010110011 000101010000101100 00101110 000000000000000001000101000101100110100000110100 1 -> 000000001001100111 000000000000000000000000101101111110100100100010 0 000011011010010011001010100011011100001011010011
000011100101000111 000111001011000000 000000000000000000011100101101100001101100000110 000010000010001011 000111110101010001 00101110 000000000000000001011101101011010000101000001101 1 -> 000000001001100111 000000000000000000000000101101111110100100100010 0 000011011010010011001100110001101110001101101000
000011100101000111 000111001011000000 000000000000000000011100101101100001101100000110 000010000010001011 000111110101010001 00101110 000000000000000001011101101011010000101000001101 1 -> 000111001011000000 000000000000000000000000101101111110100100100010 0 000011011010010011001111000000000000001111111101
000011100101000111 000111001011000000 000000000000000000011100101101100001101100000110 000010000010001011 000111110101010001 00101110 000000000000000001011101101011010000101000001101 1 -> 000111001011000000 000000000000000000011001101011001001001101000000 0 000011011010010011101011101101100001111100000100
000011100101000111 000111001011000000 000000000000000000011100101101100001101100000110 000010000010001011 000111110101010001 00101110 000000000000000001011101101011010000101000001101 1 -> 000111001011000000 000000000000000000011001101011001001001101000000 0 000011011010010100001000011011000011101000001011
000010101010000111 000011011010110010 000000000000000001100110101011100000100110110010 000001110001001001 000111111011111010 00101110 000000000000000000010101010110100111110000000001 1 -> 000111001011000000 000000000000000000011001101011001001001101000000 0 000011011010010100100101001000100101010100010010
000010101010000111 000011011010110010 000000000000000001100110101011100000100110110010 000001110001001001 000111111011111010 00101110 000000000000000000010101010110100111110000000001 1 -> 000011011010110010 000000000000000000011001101011001001001101000000 0 000011011010010101000001110110000111000000011001
000010101010000111 000011011010110010 000000000000000001100110101011100000100110110010 000001110001001001 000111111011111010 00101110 000000000000000000010101010110100111110000000001 1 -> 000011011010110010 000000000000000000001001000101100000101111011110 0 000011011010010110101000100001100111100111001100
000010101010000111 000011011010110010 000000000000000001100110101011100000100110110010 000001110001001001 000111111011111010 00101110 000000000000000000010101010110100111110000000001 1 -> 000011011010110010 000000000000000000001001000101100000101111011110 0 000011011010011000001111001101001000001101111111
000100000100010001 000101011010101010 000000000000000001111101011110010110000011010110 000000101110010001 000000101010101101 00101110 000000000000000001010011110011110001110100100101 1 -> 000011011010110010 000000000000000000001001000101100000101111011110 0 000011011010011001110101111000101000110100110010
000100000100010001 000101011010101010 000000000000000001111101011110010110000011010110 000000101110010001 000000101010101101 00101110 000000000000000001010011110011110001110100100101 1 -> 000101011010101010 000000000000000000001001000101100000101111011110 0 000011011010011011011100100100001001011011100101
000100000100010001 000101011010101010 000000000000000001111101011110010110000011010110 000000101110010001 000000101010101101 00101110 000000000000000001010011110011110001110100100101 1 -> 000101011010101010 000000000000000000010110000001101110101101001010 0 000011011010011101011010000010011111011110111100
000100000100010001 000101011010101010 000000000000000001111101011110010110000011010110 000000101110010001 000000101010101101 00101110 000000000000000001010011110011110001110100100101 1 -> 000101011010101010 000000000000000000010110000001101110101101001010 0 000011011010011111010111100000110101100010010011
000000110010111010 000101000110001011 000000000000000001000111000100010000001100011001 000110000110001101 000100000110111000 00101110 000000000000000001000100011010000111110010011110 1 -> 000101011010101010 000000000000000000010110000001101110101101001010 0 000011011010100001010100111111001011100101101010
000000110010111010 000101000110001011 000000000000000001000111000100010000001100011001 000110000110001101 000100000110111000 00101110 000000000000000001000100011010000111110010011110 1 -> 000101000110001011 000000000000000000010110000001101110101101001010 0 000011011010100011010010011101100001101001000001
000000110010111010 000101000110001011 000000000000000001000111000100010000001100011001 000110000110001101 000100000110111000 00101110 000000000000000001000100011010000111110010011110 1 -> 000101000110001011 000000000000000000000100000011011100001011111110 0 000011011010100100011001100001110001110101011011
000000110010111010 000101000110001011 000000000000000001000111000100010000001100011001 000110000110001101 000100000110111000 00101110 000000000000000001000100011010000111110010011110 1 -> 000101000110001011 000000000000000000000100000011011100001011111110 0 000011011010100101100000100110000010000001110101
000111000001110000 000011111011110111 000000000000000000111000111100110111100100111000 000000010100001110 000001100100111011 00101110 000000000000000001111000101100010011010111111100 1 -> 000101000110001011 000000000000000000000100000011011100001011111110 0 000011011010100110100111101010010010001110001111
000111000001110000 000011111011110111 000000000000000000111000111100110111100100111000 000000010100001110 000001100100111011 00101110 000000000000000001111000101100010011010111111100 1 -> 000011111011110111 000000000000000000000100000011011100001011111110 0 000011011010100111101110101110100010011010101001
000111000001110000 000011111011110111 000000000000000000111000111100110111100100111000 000000010100001110 000001100100111011 00101110 000000000000000001111000101100010011010111111100 1 -> 000011111011110111 000000000000000000011011101001111001110000010000 0 000011011010101000100111101011011001111111100010
000111000001110000 000011111011110111 000000000000000000111000111100110111100100111000 000000010100001110 000001100100111011 00101110 000000000000000001111000101100010011010111111100 1 -> 000011111011110111 000000000000000000011011101001111001110000010000 0 000011011010101001100000101000010001100100011011
000011100101100101 000010111001000011 000000000000000000001110011111100000011110001110 000111011001011000 000101111111001001 00101110 000000000000000000110101000000110110001100000011 1 -> 000011111011110111 000000000000000000011011101001111001110000010000 0 000011011010101010011001100101001001001001010100
000011100101100101 000010111001000011 000000000000000000001110011111100000011110001110 000111011001011000 000101111111001001 00101110 000000000000000000110101000000110110001100000011 1 -> 000010111001000011 000000000000000000011011101001111001110000010000 0 000011011010101011010010100010000000101110001101
000011100101100101 000010111001000011 000000000000000000001110011111100000011110001110 000111011001011000 000101111111001001 00101110 000000000000000000110101000000110110001100000011 1 -> 000010111001000011 000000000000000000001010010111110010101101101111 0 000011011010101011100001000001100001001100011100
000011100101100101 000010111001000011 000000000000000000001110011111100000011110001110 000111011001011000 000101111111001001 00101110 000000000000000000110101000000110110001100000011 1 -> 000010111001000011 000000000000000000001010010111110010101101101111 0 000011011010101011101111100001000001101010101011
000001011010111100 000001001110100101 000000000000000000011011101101010010001101101001 000111101011101110 000100010001100100 00101110 000000000000000000010110100110100010100000110111 1 -> 000010111001000011 000000000000000000001010010111110010101101101111 0 000011011010101011111110000000100010001000111010
000001011010111100 000001001110100101 000000000000000000011011101101010010001101101001 000111101011101110 000100010001100100 00101110 000000000000000000010110100110100010100000110111 1 -> 000001001110100101 000000000000000000001010010111110010101101101111 0 000011011010101100001100100000000010100111001001
000001011010111100 000001001110100101 000000000000000000011011101101010010001101101001 000111101011101110 000100010001100100 00101110 000000000000000000010110100110100010100000110111 1 -> 000001001110100101 000000000000000000000001101111101001101100101100 0 000011011010101100101000001101010100110100110011
000001011010111100 000001001110100101 000000000000000000011011101101010010001101101001 000111101011101110 000100010001100100 00101110 000000000000000000010110100110100010100000110111 1 -> 000001001110100101 000000000000000000000001101111101001101100101100 0 000011011010101101000011111010100111000010011101
