000111010011100001 000100000100110110 000000000000000001101001001111000011100010001010 000101011001001011 000111011000101111 01100110 000000000000000000101110110000100001001111110010 1 -> 000001001110100101 000000000000000000000001101111101001101100101100 0 000011011010101101011111100111111001010000000111
000111010011100001 000100000100110110 000000000000000001101001001111000011100010001010 000101011001001011 000111011000101111 01100110 000000000000000000101110110000100001001111110010 1 -> 000100000100110110 000000000000000000000001101111101001101100101100 0 000011011010101101111011010101001011011101110001
000111010011100001 000100000100110110 000000000000000001101001001111000011100010001010 000101011001001011 000111011000101111 01100110 000000000000000000101110110000100001001111110010 1 -> 000100000100110110 000000000000000000011101110001011100100001110110 0 000011011010101110101010000101101100101101100100
000111010011100001 000100000100110110 000000000000000001101001001111000011100010001010 000101011001001011 000111011000101111 01100110 000000000000000000101110110000100001001111110010 1 -> 000100000100110110 000000000000000000011101110001011100100001110110 0 000011011010101111011000110110001101111101010111
000110010100111111 000001010001110010 000000000000000000110011111011010001010011000011 000001100010000110 000001101101010000 01100110 000000000000000000000101111011000001111100000100 1 -> 000100000100110110 000000000000000000011101110001011100100001110110 0 000011011010110000000111100110101111001101001010
000110010100111111 000001010001110010 000000000000000000110011111011010001010011000011 000001100010000110 000001101101010000 01100110 000000000000000000000101111011000001111100000100 1 -> 000001010001110010 000000000000000000011101110001011100100001110110 0 000011011010110000001101100001110001001001001111
000110010100111111 000001010001110010 000000000000000000110011111011010001010011000011 000001100010000110 000001101101010000 01100110 000000000000000000000101111011000001111100000100 1 -> 000001010001110010 000000000000000000001000000101100000001000001110 0 000011011010110000010011011100110011000101010100
000110010100111111 000001010001110010 000000000000000000110011111011010001010011000011 000001100010000110 000001101101010000 01100110 000000000000000000000101111011000001111100000100 1 -> 000001010001110010 000000000000000000001000000101100000001000001110 0 000011011010110000011001010111110101000001011001
000000001111110011 000100011000101000 000000000000000001011111011110010100001011101101 000000110100011011 000101100001011001 01100110 000000000000000000101010011010100100100000100101 1 -> 000001010001110010 000000000000000000001000000101100000001000001110 0 000011011010110000011111010010110110111101011110
000000001111110011 000100011000101000 000000000000000001011111011110010100001011101101 000000110100011011 000101100001011001 01100110 000000000000000000101010011010100100100000100101 1 -> 000100011000101000 000000000000000000001000000101100000001000001110 0 000011011010110001001001101101011011011110000100
000000001111110011 000100011000101000 000000000000000001011111011110010100001011101101 000000110100011011 000101100001011001 01100110 000000000000000000101010011010100100100000100101 1 -> 000100011000101000 000000000000000000000001000101010000111111111000 0 000011011010110001110100000111111111111110101010
000000001111110011 000100011000101000 000000000000000001011111011110010100001011101101 000000110100011011 000101100001011001 01100110 000000000000000000101010011010100100100000100101 1 -> 000100011000101000 000000000000000000000001000101010000111111111000 0 000011011010110010011110100010100100011111010000
000110101111110111 000000111100011001 000000000000000001000001101110110100000101011001 000100101111000101 000010110110101111 01100110 000000000000000000111000000011010011011111111110 1 -> 000100011000101000 000000000000000000000001000101010000111111111000 0 000011011010110011001000111101001000111111110110
000110101111110111 000000111100011001 000000000000000001000001101110110100000101011001 000100101111000101 000010110110101111 01100110 000000000000000000111000000011010011011111111110 1 -> 000000111100011001 000000000000000000000001000101010000111111111000 0 000011011010110100000001000000011100011111110101
000110101111110111 000000111100011001 000000000000000001000001101110110100000101011001 000100101111000101 000010110110101111 01100110 000000000000000000111000000011010011011111111110 1 -> 000000111100011001 000000000000000000000110010111100000010000011111 0 000011011010110100111001000011101111111111110100
000110101111110111 000000111100011001 000000000000000001000001101110110100000101011001 000100101111000101 000010110110101111 01100110 000000000000000000111000000011010011011111111110 1 -> 000000111100011001 000000000000000000000110010111100000010000011111 0 000011011010110101110001000111000011011111110011
000000010111001101 000101110001110000 000000000000000000001110111111000110111100011100 000101101111011110 000111100101000001 01100110 000000000000000001010110011100100001101001101101 1 -> 000000111100011001 000000000000000000000110010111100000010000011111 0 000011011010110110101001001010010110111111110010
000000010111001101 000101110001110000 000000000000000000001110111111000110111100011100 000101101111011110 000111100101000001 01100110 000000000000000001010110011100100001101001101101 1 -> 000101110001110000 000000000000000000000110010111100000010000011111 0 000011011010110111111111100110111000101001100000
000000010111001101 000101110001110000 000000000000000000001110111111000110111100011100 000101101111011110 000111100101000001 01100110 000000000000000001010110011100100001101001101101 1 -> 000101110001110000 000000000000000000000010000110000011010110110000 0 000011011010111001010110000011011010010011001110
000000010111001101 000101110001110000 000000000000000000001110111111000110111100011100 000101101111011110 000111100101000001 01100110 000000000000000001010110011100100001101001101101 1 -> 000101110001110000 000000000000000000000010000110000011010110110000 0 000011011010111010101100011111111011111100111100
000010101000011001 000110010000000000 000000000000000001010111100111110100111101111000 000111001111001010 000010011100010010 01100110 000000000000000000100111010000010000010001101101 1 -> 000101110001110000 000000000000000000000010000110000011010110110000 0 000011011010111100000010111100011101100110101010
000010101000011001 000110010000000000 000000000000000001010111100111110100111101111000 000111001111001010 000010011100010010 01100110 000000000000000000100111010000010000010001101101 1 -> 000110010000000000 000000000000000000000010000110000011010110110000 0 000011011010111100101010001100101101111000011000
000010101000011001 000110010000000000 000000000000000001010111100111110100111101111000 000111001111001010 000010011100010010 01100110 000000000000000000100111010000010000010001101101 1 -> 000110010000000000 000000000000000000010000011100011100010000000000 0 000011011010111101010001011100111110001010000110
000010101000011001 000110010000000000 000000000000000001010111100111110100111101111000 000111001111001010 000010011100010010 01100110 000000000000000000100111010000010000010001101101 1 -> 000110010000000000 000000000000000000010000011100011100010000000000 0 000011011010111101111000101101001110011011110100
000011000111001100 000010001100111011 000000000000000000100110111111010011100101111100 000001110101001001 000110110110011010 01100110 000000000000000001011111000110110010111011111000 1 -> 000110010000000000 000000000000000000010000011100011100010000000000 0 000011011010111110011111111101011110101101100010
000011000111001100 000010001100111011 000000000000000000100110111111010011100101111100 000001110101001001 000110110110011010 01100110 000000000000000001011111000110110010111011111000 1 -> 000010001100111011 000000000000000000010000011100011100010000000000 0 000011011010111111111111000100010001101001011011
000011000111001100 000010001100111011 000000000000000000100110111111010011100101111100 000001110101001001 000110110110011010 01100110 000000000000000001011111000110110010111011111000 1 -> 000010001100111011 000000000000000000000110110110100101111000000100 0 000011011011000001011110001011000100100101010100
000011000111001100 000010001100111011 000000000000000000100110111111010011100101111100 000001110101001001 000110110110011010 01100110 000000000000000001011111000110110010111011111000 1 -> 000010001100111011 000000000000000000000110110110100101111000000100 0 000011011011000010111101010001110111100001001101
000011111000111111 000111110111010000 000000000000000000000010000101000010001011010000 000110010100101110 000100100100000111 01100110 000000000000000000110001000011010100110100101010 1 -> 000010001100111011 000000000000000000000110110110100101111000000100 0 000011011011000100011100011000101010011101000110
000011111000111111 000111110111010000 000000000000000000000010000101000010001011010000 000110010100101110 000100100100000111 01100110 000000000000000000110001000011010100110100101010 1 -> 000111110111010000 000000000000000000000110110110100101111000000100 0 000011011011000101001101011011111111010001110001
000011111000111111 000111110111010000 000000000000000000000010000101000010001011010000 000110010100101110 000100100100000111 01100110 000000000000000000110001000011010100110100101010 1 -> 000111110111010000 000000000000000000011110100101110101011000110000 0 000011011011000101111110011111010100000110011100
000011111000111111 000111110111010000 000000000000000000000010000101000010001011010000 000110010100101110 000100100100000111 01100110 000000000000000000110001000011010100110100101010 1 -> 000111110111010000 000000000000000000011110100101110101011000110000 0 000011011011000110101111100010101000111011000111
000000100100001101 000000100100000000 000000000000000000000010011011110010100000001100 000111100001111111 000100011011011011 01100110 000000000000000001101101101010100001100011111011 1 -> 000111110111010000 000000000000000000011110100101110101011000110000 0 000011011011000111100000100101111101101111110010
000000100100001101 000000100100000000 000000000000000000000010011011110010100000001100 000111100001111111 000100011011011011 01100110 000000000000000001101101101010100001100011111011 1 -> 000000100100000000 000000000000000000011110100101110101011000110000 0 000011011011001001001110010000011111010011101110
000000100100001101 000000100100000000 000000000000000000000010011011110010100000001100 000111100001111111 000100011011011011 01100110 000000000000000001101101101010100001100011111011 1 -> 000000100100000000 000000000000000000000000010100010111010100000000 0 000011011011001010111011111011000000110111101010
000000100100001101 000000100100000000 000000000000000000000010011011110010100000001100 000111100001111111 000100011011011011 01100110 000000000000000001101101101010100001100011111011 1 -> 000000100100000000 000000000000000000000000010100010111010100000000 0 000011011011001100101001100101100010011011100110
000001101101111001 000100011000101000 000000000000000001000001111010010110010110100011 000100001010110111 000101011010101110 01100110 000000000000000001101110010100110010100011000111 1 -> 000000100100000000 000000000000000000000000010100010111010100000000 0 000011011011001110010111010000000011111111100010
000001101101111001 000100011000101000 000000000000000001000001111010010110010110100011 000100001010110111 000101011010101110 01100110 000000000000000001101110010100110010100011000111 1 -> 000100011000101000 000000000000000000000000010100010111010100000000 0 000011011011010000000101100100110110100010101010
000001101101111001 000100011000101000 000000000000000001000001111010010110010110100011 000100001010110111 000101011010101110 01100110 000000000000000001101110010100110010100011000111 1 -> 000100011000101000 000000000000000000000111100001110110000011101000 0 000011011011010001110011111001101001000101110010
000001101101111001 000100011000101000 000000000000000001000001111010010110010110100011 000100001010110111 000101011010101110 01100110 000000000000000001101110010100110010100011000111 1 -> 000100011000101000 000000000000000000000111100001110110000011101000 0 000011011011010011100010001110011011101000111010
000000010010111110 000101100100011100 000000000000000001011011011110110001101001111001 000110111011000011 000110001101111101 01100110 000000000000000001110110001010100011010111100001 1 -> 000100011000101000 000000000000000000000111100001110110000011101000 0 000011011011010101010000100011001110001100000010
000000010010111110 000101100100011100 000000000000000001011011011110110001101001111001 000110111011000011 000110001101111101 01100110 000000000000000001110110001010100011010111100001 1 -> 000101100100011100 000000000000000000000111100001110110000011101000 0 000011011011010111000110101101110001100011100100
000000010010111110 000101100100011100 000000000000000001011011011110110001101001111001 000110111011000011 000110001101111101 01100110 000000000000000001110110001010100011010111100001 1 -> 000101100100011100 000000000000000000000001101001101001001011001000 0 000011011011011000111100111000010100111011000110
000000010010111110 000101100100011100 000000000000000001011011011110110001101001111001 000110111011000011 000110001101111101 01100110 000000000000000001110110001010100011010111100001 1 -> 000101100100011100 000000000000000000000001101001101001001011001000 0 000011011011011010110011000010111000010010101000
000000111011000110 000101101110100000 000000000000000001100111010011010000100000101101 000000011111001100 000110010100010011 01100110 000000000000000001010110110000110101001110111111 1 -> 000101100100011100 000000000000000000000001101001101001001011001000 0 000011011011011100101001001101011011101010001010
000000111011000110 000101101110100000 000000000000000001100111010011010000100000101101 000000011111001100 000110010100010011 01100110 000000000000000001010110110000110101001110111111 1 -> 000101101110100000 000000000000000000000001101001101001001011001000 0 000011011011011101111111111110010000111001001010
000000111011000110 000101101110100000 000000000000000001100111010011010000100000101101 000000011111001100 000110010100010011 01100110 000000000000000001010110110000110101001110111111 1 -> 000101101110100000 000000000000000000000101010010011001110111000000 0 000011011011011111010110101111000110001000001010
000000111011000110 000101101110100000 000000000000000001100111010011010000100000101101 000000011111001100 000110010100010011 01100110 000000000000000001010110110000110101001110111111 1 -> 000101101110100000 000000000000000000000101010010011001110111000000 0 000011011011100000101101011111111011010111001010
000101110011101101 000110001111010010 000000000000000001110100100010000010110110001110 000110110111110101 000010100100110000 01100110 000000000000000001011011010111000100101000010000 1 -> 000101101110100000 000000000000000000000101010010011001110111000000 0 000011011011100010000100010000110000100110001010
000101110011101101 000110001111010010 000000000000000001110100100010000010110110001110 000110110111110101 000010100100110000 01100110 000000000000000001011011010111000100101000010000 1 -> 000110001111010010 000000000000000000000101010010011001110111000000 0 000011011011100011011111100111110101001110011011
000101110011101101 000110001111010010 000000000000000001110100100010000010110110001110 000110110111110101 000010100100110000 01100110 000000000000000001011011010111000100101000010000 1 -> 000110001111010010 000000000000000000100100001110111110000101101010 0 000011011011100100111010111110111001110110101100
000101110011101101 000110001111010010 000000000000000001110100100010000010110110001110 000110110111110101 000010100100110000 01100110 000000000000000001011011010111000100101000010000 1 -> 000110001111010010 000000000000000000100100001110111110000101101010 0 000011011011100110010110010101111110011110111101
000101101100011111 000101100000111100 000000000000000001101000110011010111000000010100 000110010110100111 000010111101001000 01100110 000000000000000000011101000001000001001001111000 1 -> 000110001111010010 000000000000000000100100001110111110000101101010 0 000011011011100111110001101101000011000111001110
000101101100011111 000101100000111100 000000000000000001101000110011010111000000010100 000110010110100111 000010111101001000 01100110 000000000000000000011101000001000001001001111000 1 -> 000101100000111100 000000000000000000100100001110111110000101101010 0 000011011011101000001110101110000100010001000111
000101101100011111 000101100000111100 000000000000000001101000110011010111000000010100 000110010110100111 000010111101001000 01100110 000000000000000000011101000001000001001001111000 1 -> 000101100000111100 000000000000000000011111011010000000001101000100 0 000011011011101000101011101111000101011011000000
000101101100011111 000101100000111100 000000000000000001101000110011010111000000010100 000110010110100111 000010111101001000 01100110 000000000000000000011101000001000001001001111000 1 -> 000101100000111100 000000000000000000011111011010000000001101000100 0 000011011011101001001000110000000110100100111001
000100111101110100 000010101000011011 000000000000000000101011011011100111010000000110 000100101110100111 000000001011100101 01100110 000000000000000001111011000000000100100001110110 1 -> 000101100000111100 000000000000000000011111011010000000001101000100 0 000011011011101001100101110001000111101110110010
000100111101110100 000010101000011011 000000000000000000101011011011100111010000000110 000100101110100111 000000001011100101 01100110 000000000000000001111011000000000100100001110110 1 -> 000010101000011011 000000000000000000011111011010000000001101000100 0 000011011011101011100000110001001100010000101001
000100111101110100 000010101000011011 000000000000000000101011011011100111010000000110 000100101110100111 000000001011100101 01100110 000000000000000001111011000000000100100001110110 1 -> 000010101000011011 000000000000000000001101000100010110100100111100 0 000011011011101101011011110001010000110010100000
000100111101110100 000010101000011011 000000000000000000101011011011100111010000000110 000100101110100111 000000001011100101 01100110 000000000000000001111011000000000100100001110110 1 -> 000010101000011011 000000000000000000001101000100010110100100111100 0 000011011011101111010110110001010101010100010111
000101111001100011 000111000100010100 000000000000000000000101010111010000101011100001 000011100011010001 000111010110001111 01100110 000000000000000001001101110001100001111010001010 1 -> 000010101000011011 000000000000000000001101000100010110100100111100 0 000011011011110001010001110001011001110110001110
000101111001100011 000111000100010100 000000000000000000000101010111010000101011100001 000011100011010001 000111010110001111 01100110 000000000000000001001101110001100001111010001010 1 -> 000111000100010100 000000000000000000001101000100010110100100111100 0 000011011011110010011111100010111011110000011001
000101111001100011 000111000100010100 000000000000000000000101010111010000101011100001 000011100011010001 000111010110001111 01100110 000000000000000001001101110001100001111010001010 1 -> 000111000100010100 000000000000000000101001101100010001001010111100 0 000011011011110011101101010100011101101010100100
000101111001100011 000111000100010100 000000000000000000000101010111010000101011100001 000011100011010001 000111010110001111 01100110 000000000000000001001101110001100001111010001010 1 -> 000111000100010100 000000000000000000101001101100010001001010111100 0 000011011011110100111011000101111111100100101111
000011010010110010 000100001111100100 000000000000000000100010110101100010000100000100 000010010011010111 000110110111101001 01100110 000000000000000001100001000111100010100101000010 1 -> 000111000100010100 000000000000000000101001101100010001001010111100 0 000011011011110110001000110111100001011110111010
000011010010110010 000100001111100100 000000000000000000100010110101100010000100000100 000010010011010111 000110110111101001 01100110 000000000000000001100001000111100010100101000010 1 -> 000100001111100100 000000000000000000101001101100010001001010111100 0 000011011011110111101001111111000100000011111101
000011010010110010 000100001111100100 000000000000000000100010110101100010000100000100 000010010011010111 000110110111101001 01100110 000000000000000001100001000111100010100101000010 1 -> 000100001111100100 000000000000000000001101111110011000010010001000 0 000011011011111001001011000110100110101001000000
000011010010110010 000100001111100100 000000000000000000100010110101100010000100000100 000010010011010111 000110110111101001 01100110 000000000000000001100001000111100010100101000010 1 -> 000100001111100100 000000000000000000001101111110011000010010001000 0 000011011011111010101100001110001001001110000011
000000011011100011 000011100001000011 000000000000000000000010101000010110111110010101 000101101111011010 000000001100001100 01100110 000000000000000001111111000111110101011100101110 1 -> 000100001111100100 000000000000000000001101111110011000010010001000 0 000011011011111100001101010101101011110011000110
000000011011100011 000011100001000011 000000000000000000000010101000010110111110010101 000101101111011010 000000001100001100 01100110 000000000000000001111111000111110101011100101110 1 -> 000011100001000011 000000000000000000001101111110011000010010001000 0 000011011011111110001100011101100001001111110101
000000011011100011 000011100001000011 000000000000000000000010101000010110111110010101 000101101111011010 000000001100001100 01100110 000000000000000001111111000111110101011100101110 1 -> 000011100001000011 000000000000000000000001100000110111010101101001 0 000011011100000000001011100101010110101100100100
000000011011100011 000011100001000011 000000000000000000000010101000010110111110010101 000101101111011010 000000001100001100 01100110 000000000000000001111111000111110101011100101110 1 -> 000011100001000011 000000000000000000000001100000110111010101101001 0 000011011100000010001010101101001100001001010011
000001100000110011 000111111010110100 000000000000000000101110110100110011110010111010 000100100010010000 000110110001100011 01100110 000000000000000000111110111110010001100101110011 1 -> 000011100001000011 000000000000000000000001100000110111010101101001 0 000011011100000100001001110101000001100110000010
000001100000110011 000111111010110100 000000000000000000101110110100110011110010111010 000100100010010000 000110110001100011 01100110 000000000000000000111110111110010001100101110011 1 -> 000111111010110100 000000000000000000000001100000110111010101101001 0 000011011100000101001000110011010011001011110110
000001100000110011 000111111010110100 000000000000000000101110110100110011110010111010 000100100010010000 000110110001100011 01100110 000000000000000000111110111110010001100101110011 1 -> 000111111010110100 000000000000000000001011111110100001110111011100 0 000011011100000110000111110001100100110001101010
000001100000110011 000111111010110100 000000000000000000101110110100110011110010111010 000100100010010000 000110110001100011 01100110 000000000000000000111110111110010001100101110011 1 -> 000111111010110100 000000000000000000001011111110100001110111011100 0 000011011100000111000110101111110110010111011110
000111000001100001 000001110001011011 000000000000000000111101000100000000111011010011 000010010101111111 000111101111010101 01100110 000000000000000001001010110111110010010011000000 1 -> 000111111010110100 000000000000000000001011111110100001110111011100 0 000011011100001000000101101110000111111101010010
000111000001100001 000001110001011011 000000000000000000111101000100000000111011010011 000010010101111111 000111101111010101 01100110 000000000000000001001010110111110010010011000000 1 -> 000001110001011011 000000000000000000001011111110100001110111011100 0 000011011100001001010000100101111010010000010011
000111000001100001 000001110001011011 000000000000000000111101000100000000111011010011 000010010101111111 000111101111010101 01100110 000000000000000001001010110111110010010011000000 1 -> 000001110001011011 000000000000000000001100011100101000111001111011 0 000011011100001010011011011101101100100011010100
000111000001100001 000001110001011011 000000000000000000111101000100000000111011010011 000010010101111111 000111101111010101 01100110 000000000000000001001010110111110010010011000000 1 -> 000001110001011011 000000000000000000001100011100101000111001111011 0 000011011100001011100110010101011110110110010101
000000010101110010 000100001111001010 000000000000000001001101001010010010101000010010 000001111111111011 000010100011101010 01100110 000000000000000001100010110101100110110000100111 1 -> 000001110001011011 000000000000000000001100011100101000111001111011 0 000011011100001100110001001101010001001001010110
000000010101110010 000100001111001010 000000000000000001001101001010010010101000010010 000001111111111011 000010100011101010 01100110 000000000000000001100010110101100110110000100111 1 -> 000100001111001010 000000000000000000001100011100101000111001111011 0 000011011100001110010100000010110111111001111110
000000010101110010 000100001111001010 000000000000000001001101001010010010101000010010 000001111111111011 000010100011101010 01100110 000000000000000001100010110101100110110000100111 1 -> 000100001111001010 000000000000000000000001011100010010000111110100 0 000011011100001111110110111000011110101010100110
000000010101110010 000100001111001010 000000000000000001001101001010010010101000010010 000001111111111011 000010100011101010 01100110 000000000000000001100010110101100110110000100111 1 -> 000100001111001010 000000000000000000000001011100010010000111110100 0 000011011100010001011001101110000101011011001110
000001100010111011 000111010011101010 000000000000000000010101101001100110111000110101 000100001110010011 000001110101100011 01100110 000000000000000000110101101111000100100110110110 1 -> 000100001111001010 000000000000000000000001011100010010000111110100 0 000011011100010010111100100011101100001011110110
000001100010111011 000111010011101010 000000000000000000010101101001100110111000110101 000100001110010011 000001110101100011 01100110 000000000000000000110101101111000100100110110110 1 -> 000111010011101010 000000000000000000000001011100010010000111110100 0 000011011100010011110010010010110000110010101101
000001100010111011 000111010011101010 000000000000000000010101101001100110111000110101 000100001110010011 000001110101100011 01100110 000000000000000000110101101111000100100110110110 1 -> 000111010011101010 000000000000000000001011010010110101011011101110 0 000011011100010100101000000001110101011001100100
000001100010111011 000111010011101010 000000000000000000010101101001100110111000110101 000100001110010011 000001110101100011 01100110 000000000000000000110101101111000100100110110110 1 -> 000111010011101010 000000000000000000001011010010110101011011101110 0 000011011100010101011101110000111010000000011011
000101010101010100 000000000000110100 000000000000000001110110111100010011010001001110 000000010010101011 000100011000011100 01100110 000000000000000001011111101101110101111111000100 1 -> 000111010011101010 000000000000000000001011010010110101011011101110 0 000011011100010110010011011111111110100111010010
000101010101010100 000000000000110100 000000000000000001110110111100010011010001001110 000000010010101011 000100011000011100 01100110 000000000000000001011111101101110101111111000100 1 -> 000000000000110100 000000000000000000001011010010110101011011101110 0 000011011100010111110011001101110100100110010111
000101010101010100 000000000000110100 000000000000000001110110111100010011010001001110 000000010010101011 000100011000011100 01100110 000000000000000001011111101101110101111111000100 1 -> 000000000000110100 000000000000000000000000000100010101010100010000 0 000011011100011001010010111011101010100101011100
000101010101010100 000000000000110100 000000000000000001110110111100010011010001001110 000000010010101011 000100011000011100 01100110 000000000000000001011111101101110101111111000100 1 -> 000000000000110100 000000000000000000000000000100010101010100010000 0 000011011100011010110010101001100000100100100001
000000111110100001 000001000111011110 000000000000000000100001010000000110001011000111 000011000101100111 000011010110101010 01100110 000000000000000001010110100010100100011101111011 1 -> 000000000000110100 000000000000000000000000000100010101010100010000 0 000011011100011100010010010111010110100011100110
000000111110100001 000001000111011110 000000000000000000100001010000000110001011000111 000011000101100111 000011010110101010 01100110 000000000000000001010110100010100100011101111011 1 -> 000001000111011110 000000000000000000000000000100010101010100010000 0 000011011100011101101000111001111011000001100010
000000111110100001 000001000111011110 000000000000000000100001010000000110001011000111 000011000101100111 000011010110101010 01100110 000000000000000001010110100010100100011101111011 1 -> 000001000111011110 000000000000000000000001000101110011111010011110 0 000011011100011110111111011100011111011111011110
000000111110100001 000001000111011110 000000000000000000100001010000000110001011000111 000011000101100111 000011010110101010 01100110 000000000000000001010110100010100100011101111011 1 -> 000001000111011110 000000000000000000000001000101110011111010011110 0 000011011100100000010101111111000011111101011010
000001011100100001 000101111001110001 000000000000000001011000011100010001110111110100 000011011000101010 000000111001010010 01100110 000000000000000001101000101101100100110001111110 1 -> 000001000111011110 000000000000000000000001000101110011111010011110 0 000011011100100001101100100001101000011011010110
000001011100100001 000101111001110001 000000000000000001011000011100010001110111110100 000011011000101010 000000111001010010 01100110 000000000000000001101000101101100100110001111110 1 -> 000101111001110001 000000000000000000000001000101110011111010011110 0 000011011100100011010101001111001101001101010101
000001011100100001 000101111001110001 000000000000000001011000011100010001110111110100 000011011000101010 000000111001010010 01100110 000000000000000001101000101101100100110001111110 1 -> 000101111001110001 000000000000000000001000100010000101001110010001 0 000011011100100100111101111100110001111111010100
000001011100100001 000101111001110001 000000000000000001011000011100010001110111110100 000011011000101010 000000111001010010 01100110 000000000000000001101000101101100100110001111110 1 -> 000101111001110001 000000000000000000001000100010000101001110010001 0 000011011100100110100110101010010110110001010011
000010000111111111 000110101110111101 000000000000000001100111110110110111111111000100 000000111110000011 000101000101100101 01100110 000000000000000001011011110111100001110000010001 1 -> 000101111001110001 000000000000000000001000100010000101001110010001 0 000011011100101000001111010111111011100011010010
000010000111111111 000110101110111101 000000000000000001100111110110110111111111000100 000000111110000011 000101000101100101 01100110 000000000000000001011011110111100001110000010001 1 -> 000110101110111101 000000000000000000001000100010000101001110010001 0 000011011100101001101011001111011101010011100100
000010000111111111 000110101110111101 000000000000000001100111110110110111111111000100 000000111110000011 000101000101100101 01100110 000000000000000001011011110111100001110000010001 1 -> 000110101110111101 000000000000000000001110010011101010111001000011 0 000011011100101011000111000110111111000011110110
000010000111111111 000110101110111101 000000000000000001100111110110110111111111000100 000000111110000011 000101000101100101 01100110 000000000000000001011011110111100001110000010001 1 -> 000110101110111101 000000000000000000001110010011101010111001000011 0 000011011100101100100010111110100000110100001000
000011111111110001 000111000010011001 000000000000000001000101010111100100111010010010 000011001000001100 000100101011101011 01100110 000000000000000000101001101101010111111011000101 1 -> 000110101110111101 000000000000000000001110010011101010111001000011 0 000011011100101101111110110110000010100100011010
000011111111110001 000111000010011001 000000000000000001000101010111100100111010010010 000011001000001100 000100101011101011 01100110 000000000000000000101001101101010111111011000101 1 -> 000111000010011001 000000000000000000001110010011101010111001000011 0 000011011100101110101000100011011010011111100000
000011111111110001 000111000010011001 000000000000000001000101010111100100111010010010 000011001000001100 000100101011101011 01100110 000000000000000000101001101101010111111011000101 1 -> 000111000010011001 000000000000000000011100000111111010011100001001 0 000011011100101111010010010000110010011010100110
000011111111110001 000111000010011001 000000000000000001000101010111100100111010010010 000011001000001100 000100101011101011 01100110 000000000000000000101001101101010111111011000101 1 -> 000111000010011001 000000000000000000011100000111111010011100001001 0 000011011100101111111011111110001010010101101100
000001100100000010 000100110100010110 000000000000000000001110010001110100100111111111 000111001111110001 000001000001010111 01100110 000000000000000001000011110000000111110101100110 1 -> 000111000010011001 000000000000000000011100000111111010011100001001 0 000011011100110000100101101011100010010000110010
000001100100000010 000100110100010110 000000000000000000001110010001110100100111111111 000111001111110001 000001000001010111 01100110 000000000000000001000011110000000111110101100110 1 -> 000100110100010110 000000000000000000011100000111111010011100001001 0 000011011100110001101001011011101010000110011001
000001100100000010 000100110100010110 000000000000000000001110010001110100100111111111 000111001111110001 000001000001010111 01100110 000000000000000001000011110000000111110101100110 1 -> 000100110100010110 000000000000000000000111100001111100000000101100 0 000011011100110010101101001011110001111100000000
000001100100000010 000100110100010110 000000000000000000001110010001110100100111111111 000111001111110001 000001000001010111 01100110 000000000000000001000011110000000111110101100110 1 -> 000100110100010110 000000000000000000000111100001111100000000101100 0 000011011100110011110000111011111001110001100111
000010110111101101 000100001100100010 000000000000000001100010111010010101001100001110 000010011000010111 000100011111000011 01100110 000000000000000000101111011010100010011110010011 1 -> 000100110100010110 000000000000000000000111100001111100000000101100 0 000011011100110100110100101100000001100111001110
000010110111101101 000100001100100010 000000000000000001100010111010010101001100001110 000010011000010111 000100011111000011 01100110 000000000000000000101111011010100010011110010011 1 -> 000100001100100010 000000000000000000000111100001111100000000101100 0 000011011100110101100100000110100100000101100010
000010110111101101 000100001100100010 000000000000000001100010111010010101001100001110 000010011000010111 000100011111000011 01100110 000000000000000000101111011010100010011110010011 1 -> 000100001100100010 000000000000000000001100000010110010000001111010 0 000011011100110110010011100001000110100011110110
000010110111101101 000100001100100010 000000000000000001100010111010010101001100001110 000010011000010111 000100011111000011 01100110 000000000000000000101111011010100010011110010011 1 -> 000100001100100010 000000000000000000001100000010110010000001111010 0 000011011100110111000010111011101001000010001010
000000010111101010 000010100110010110 000000000000000000000011000100100000010110100001 000011010101101010 000011111010010000 01100110 000000000000000000001000011000000110100111000011 1 -> 000100001100100010 000000000000000000001100000010110010000001111010 0 000011011100110111110010010110001011100000011110
000000010111101010 000010100110010110 000000000000000000000011000100100000010110100001 000011010101101010 000011111010010000 01100110 000000000000000000001000011000000110100111000011 1 -> 000010100110010110 000000000000000000001100000010110010000001111010 0 000011011100110111111010101110010010000111100010
000000010111101010 000010100110010110 000000000000000000000011000100100000010110100001 000011010101101010 000011111010010000 01100110 000000000000000000001000011000000110100111000011 1 -> 000010100110010110 000000000000000000000000111101011111000100011100 0 000011011100111000000011000110011000101110100110
000000010111101010 000010100110010110 000000000000000000000011000100100000010110100001 000011010101101010 000011111010010000 01100110 000000000000000000001000011000000110100111000011 1 -> 000010100110010110 000000000000000000000000111101011111000100011100 0 000011011100111000001011011110011111010101101010
000101000011011101 000000001110111001 000000000000000001001110010000010111110010100100 000001101001000010 000011111011001001 01100110 000000000000000001001011000111010011110111000111 1 -> 000010100110010110 000000000000000000000000111101011111000100011100 0 000011011100111000010011110110100101111100101110
000101000011011101 000000001110111001 000000000000000001001110010000010111110010100100 000001101001000010 000011111011001001 01100110 000000000000000001001011000111010011110111000111 1 -> 000000001110111001 000000000000000000000000111101011111000100011100 0 000011011100111001011110111101111001110011110110
000101000011011101 000000001110111001 000000000000000001001110010000010111110010100100 000001101001000010 000011111011001001 01100110 000000000000000001001011000111010011110111000111 1 -> 000000001110111001 000000000000000000000001001011010000011010110101 0 000011011100111010101010000101001101101010111110
000101000011011101 000000001110111001 000000000000000001001110010000010111110010100100 000001101001000010 000011111011001001 01100110 000000000000000001001011000111010011110111000111 1 -> 000000001110111001 000000000000000000000001001011010000011010110101 0 000011011100111011110101001100100001100010000110
000000111011111111 000110010110011110 000000000000000001000111101100110111001100100010 000000100100011110 000101001111111011 01100110 000000000000000001111101111100100111100010110110 1 -> 000000001110111001 000000000000000000000001001011010000011010110101 0 000011011100111101000000010011110101011001001110
000000111011111111 000110010110011110 000000000000000001000111101100110111001100100010 000000100100011110 000101001111111011 01100110 000000000000000001111101111100100111100010110110 1 -> 000110010110011110 000000000000000000000001001011010000011010110101 0 000011011100111110111110010000011100111100000101
000000111011111111 000110010110011110 000000000000000001000111101100110111001100100010 000000100100011110 000101001111111011 01100110 000000000000000001111101111100100111100010110110 1 -> 000110010110011110 000000000000000000000101111100111101110001100010 0 000011011101000000111100001101000100011110111100
000000111011111111 000110010110011110 000000000000000001000111101100110111001100100010 000000100100011110 000101001111111011 01100110 000000000000000001111101111100100111100010110110 1 -> 000110010110011110 000000000000000000000101111100111101110001100010 0 000011011101000010111010001001101100000001110011
000111111111001101 000100010011001000 000000000000000001001101011101000001010011000011 000101100010010010 000110100011100010 01100110 000000000000000001011010100011110011011011011111 1 -> 000110010110011110 000000000000000000000101111100111101110001100010 0 000011011101000100111000000110010011100100101010
000111111111001101 000100010011001000 000000000000000001001101011101000001010011000011 000101100010010010 000110100011100010 01100110 000000000000000001011010100011110011011011011111 1 -> 000100010011001000 000000000000000000000101111100111101110001100010 0 000011011101000110010010101010000111000000001010
000111111111001101 000100010011001000 000000000000000001001101011101000001010011000011 000101100010010010 000110100011100010 01100110 000000000000000001011010100011110011011011011111 1 -> 000100010011001000 000000000000000000100010010101100100110000101000 0 000011011101000111101101001101111010011011101010
000111111111001101 000100010011001000 000000000000000001001101011101000001010011000011 000101100010010010 000110100011100010 01100110 000000000000000001011010100011110011011011011111 1 -> 000100010011001000 000000000000000000100010010101100100110000101000 0 000011011101001001000111110001101101110111001010
000001011101100010 000010000101010101 000000000000000001000001010000100101100110110010 000101100111111010 000101111110111001 01100110 000000000000000001110001000100010101111001101101 1 -> 000100010011001000 000000000000000000100010010101100100110000101000 0 000011011101001010100010010101100001010010101010
000001011101100010 000010000101010101 000000000000000001000001010000100101100110110010 000101100111111010 000101111110111001 01100110 000000000000000001110001000100010101111001101101 1 -> 000010000101010101 000000000000000000100010010101100100110000101000 0 000011011101001100010011011001110111001100011000
000001011101100010 000010000101010101 000000000000000001000001010000100101100110110010 000101100111111010 000101111110111001 01100110 000000000000000001110001000100010101111001101101 1 -> 000010000101010101 000000000000000000000011000010110110010110001010 0 000011011101001110000100011110001101000110000110
000001011101100010 000010000101010101 000000000000000001000001010000100101100110110010 000101100111111010 000101111110111001 01100110 000000000000000001110001000100010101111001101101 1 -> 000010000101010101 000000000000000000000011000010110110010110001010 0 000011011101001111110101100010100010111111110100
000011101111011000 000011110110100100 000000000000000000101001110100110110100001100010 000001001100100111 000000110001101011 01100110 000000000000000000001010110111010111001011010101 1 -> 000010000101010101 000000000000000000000011000010110110010110001010 0 000011011101010001100110100110111000111001100010
000011101111011000 000011110110100100 000000000000000000101001110100110110100001100010 000001001100100111 000000110001101011 01100110 000000000000000000001010110111010111001011010101 1 -> 000011110110100100 000000000000000000000011000010110110010110001010 0 000011011101010001110001011110010000000100111000
000011101111011000 000011110110100100 000000000000000000101001110100110110100001100010 000001001100100111 000000110001101011 01100110 000000000000000000001010110111010111001011010101 1 -> 000011110110100100 000000000000000000001110011010001100111001100000 0 000011011101010001111100010101100111010000001110
000011101111011000 000011110110100100 000000000000000000101001110100110110100001100010 000001001100100111 000000110001101011 01100110 000000000000000000001010110111010111001011010101 1 -> 000011110110100100 000000000000000000001110011010001100111001100000 0 000011011101010010000111001100111110011011100100
000011101010011000 000011110010000110 000000000000000000110000001110110010000001011100 000101100110001100 000011101100011110 01100110 000000000000000000010010010110000001101101011011 1 -> 000011110110100100 000000000000000000001110011010001100111001100000 0 000011011101010010010010000100010101100110111010
000011101010011000 000011110010000110 000000000000000000110000001110110010000001011100 000101100110001100 000011101100011110 01100110 000000000000000000010010010110000001101101011011 1 -> 000011110010000110 000000000000000000001110011010001100111001100000 0 000011011101010010100100011010010111010100010110
000011101010011000 000011110010000110 000000000000000000110000001110110010000001011100 000101100110001100 000011101100011110 01100110 000000000000000000010010010110000001101101011011 1 -> 000011110010000110 000000000000000000001101110110100100101110010000 0 000011011101010010110110110000011001000001110010
000011101010011000 000011110010000110 000000000000000000110000001110110010000001011100 000101100110001100 000011101100011110 01100110 000000000000000000010010010110000001101101011011 1 -> 000011110010000110 000000000000000000001101110110100100101110010000 0 000011011101010011001001000110011010101111001110
000110101001010110 000000100001110100 000000000000000001111110010001010110101110001010 000110010011110111 000110011100011111 01100110 000000000000000000011101011001100110010111101110 1 -> 000011110010000110 000000000000000000001101110110100100101110010000 0 000011011101010011011011011100011100011100101010
000110101001010110 000000100001110100 000000000000000001111110010001010110101110001010 000110010011110111 000110011100011111 01100110 000000000000000000011101011001100110010111101110 1 -> 000000100001110100 000000000000000000001101110110100100101110010000 0 000011011101010011111000110110000010110100011001
000110101001010110 000000100001110100 000000000000000001111110010001010110101110001010 000110010011110111 000110011100011111 01100110 000000000000000000011101011001100110010111101110 1 -> 000000100001110100 000000000000000000000011100000101101111011111000 0 000011011101010100010110001111101001001100001000
000110101001010110 000000100001110100 000000000000000001111110010001010110101110001010 000110010011110111 000110011100011111 01100110 000000000000000000011101011001100110010111101110 1 -> 000000100001110100 000000000000000000000011100000101101111011111000 0 000011011101010100110011101001001111100011110111
000011110111111010 000100110011010000 000000000000000000010101000111100100010010110010 000011110111111101 000011100001000010 01100110 000000000000000000110011000111000110110010011100 1 -> 000000100001110100 000000000000000000000011100000101101111011111000 0 000011011101010101010001000010110101111011100110
000011110111111010 000100110011010000 000000000000000000010101000111100100010010110010 000011110111111101 000011100001000010 01100110 000000000000000000110011000111000110110010011100 1 -> 000100110011010000 000000000000000000000011100000101101111011111000 0 000011011101010110000100001001111100101110000011
000011110111111010 000100110011010000 000000000000000000010101000111100100010010110010 000011110111111101 000011100001000010 01100110 000000000000000000110011000111000110110010011100 1 -> 000100110011010000 000000000000000000010010100110001001001100100000 0 000011011101010110110111010001000011100000100000
000011110111111010 000100110011010000 000000000000000000010101000111100100010010110010 000011110111111101 000011100001000010 01100110 000000000000000000110011000111000110110010011100 1 -> 000100110011010000 000000000000000000010010100110001001001100100000 0 000011011101010111101010011000001010010010111101
000111110100000001 000001101001001101 000000000000000001011001001010110111011000011111 000001011111111100 000001000000101100 01100110 000000000000000001110111111101100100010010110110 1 -> 000100110011010000 000000000000000000010010100110001001001100100000 0 000011011101011000011101011111010001000101011010
000111110100000001 000001101001001101 000000000000000001011001001010110111011000011111 000001011111111100 000001000000101100 01100110 000000000000000001110111111101100100010010110110 1 -> 000001101001001101 000000000000000000010010100110001001001100100000 0 000011011101011010010101011100110101011000010001
000111110100000001 000001101001001101 000000000000000001011001001010110111011000011111 000001011111111100 000001000000101100 01100110 000000000000000001110111111101100100010010110110 1 -> 000001101001001101 000000000000000000001100110101111011001101001101 0 000011011101011100001101011010011001101011001000
000111110100000001 000001101001001101 000000000000000001011001001010110111011000011111 000001011111111100 000001000000101100 01100110 000000000000000001110111111101100100010010110110 1 -> 000001101001001101 000000000000000000001100110101111011001101001101 0 000011011101011110000101010111111101111101111111
000001110101110100 000011010111101001 000000000000000001101111111100000000010011000101 000011110110111001 000110101010001000 01100110 000000000000000000011000011010100100110101110111 1 -> 000001101001001101 000000000000000000001100110101111011001101001101 0 000011011101011111111101010101100010010000110110
000001110101110100 000011010111101001 000000000000000001101111111100000000010011000101 000011110110111001 000110101010001000 01100110 000000000000000000011000011010100100110101110111 1 -> 000011010111101001 000000000000000000001100110101111011001101001101 0 000011011101100000010101110000000111000110101110
000001110101110100 000011010111101001 000000000000000001101111111100000000010011000101 000011110110111001 000110101010001000 01100110 000000000000000000011000011010100100110101110111 1 -> 000011010111101001 000000000000000000000110001100111101001010010100 0 000011011101100000101110001010101011111100100110
000001110101110100 000011010111101001 000000000000000001101111111100000000010011000101 000011110110111001 000110101010001000 01100110 000000000000000000011000011010100100110101110111 1 -> 000011010111101001 000000000000000000000110001100111101001010010100 0 000011011101100001000110100101010000110010011110
000001110011001111 000101011100100000 000000000000000001100000110001000010110100111101 000010101111101011 000011100010111000 01100110 000000000000000001101101110001110000100110000100 1 -> 000011010111101001 000000000000000000000110001100111101001010010100 0 000011011101100001011110111111110101101000010110
000001110011001111 000101011100100000 000000000000000001100000110001000010110100111101 000010101111101011 000011100010111000 01100110 000000000000000001101101110001110000100110000100 1 -> 000101011100100000 000000000000000000000110001100111101001010010100 0 000011011101100011001100110001100110001110011011
000001110011001111 000101011100100000 000000000000000001100000110001000010110100111101 000010101111101011 000011100010111000 01100110 000000000000000001101101110001110000100110000100 1 -> 000101011100100000 000000000000000000001001110011011111001011100000 0 000011011101100100111010100011010110110100100000
000001110011001111 000101011100100000 000000000000000001100000110001000010110100111101 000010101111101011 000011100010111000 01100110 000000000000000001101101110001110000100110000100 1 -> 000101011100100000 000000000000000000001001110011011111001011100000 0 000011011101100110101000010101000111011010100101
000000011000110111 000000110000001011 000000000000000000000010111001010110001110110000 000111000010111000 000011001110001100 01100110 000000000000000000000100101011000100100011100010 1 -> 000101011100100000 000000000000000000001001110011011111001011100000 0 000011011101101000010110000110111000000000101010
000000011000110111 000000110000001011 000000000000000000000010111001010110001110110000 000111000010111000 000011001110001100 01100110 000000000000000000000100101011000100100011100010 1 -> 000000110000001011 000000000000000000001001110011011111001011100000 0 000011011101101000011010110001111100100100001101
000000011000110111 000000110000001011 000000000000000000000010111001010110001110110000 000111000010111000 000011001110001100 01100110 000000000000000000000100101011000100100011100010 1 -> 000000110000001011 000000000000000000000000010010101101100001011101 0 000011011101101000011111011101000001000111110000
000000011000110111 000000110000001011 000000000000000000000010111001010110001110110000 000111000010111000 000011001110001100 01100110 000000000000000000000100101011000100100011100010 1 -> 000000110000001011 000000000000000000000000010010101101100001011101 0 000011011101101000100100001000000101101011010011
000100110010001110 000000001001100111 000000000000000000000010001110010010000010010100 000111101010110011 000101010000101100 01100110 000000000000000001000101000101100110100000110100 1 -> 000000110000001011 000000000000000000000000010010101101100001011101 0 000011011101101000101000110011001010001110110110
000100110010001110 000000001001100111 000000000000000000000010001110010010000010010100 000111101010110011 000101010000101100 01100110 000000000000000001000101000101100110100000110100 1 -> 000000001001100111 000000000000000000000000010010101101100001011101 0 000011011101101001101101111000110000101111101011
000100110010001110 000000001001100111 000000000000000000000010001110010010000010010100 000111101010110011 000101010000101100 01100110 000000000000000001000101000101100110100000110100 1 -> 000000001001100111 000000000000000000000000101101111110100100100010 0 000011011101101010110010111110010111010000100000
000100110010001110 000000001001100111 000000000000000000000010001110010010000010010100 000111101010110011 000101010000101100 01100110 000000000000000001000101000101100110100000110100 1 -> 000000001001100111 000000000000000000000000101101111110100100100010 0 000011011101101011111000000011111101110001010101
000011100101000111 000111001011000000 000000000000000000011100101101100001101100000110 000010000010001011 000111110101010001 01100110 000000000000000001011101101011010000101000001101 1 -> 000000001001100111 000000000000000000000000101101111110100100100010 0 000011011101101100111101001001100100010010001010
000011100101000111 000111001011000000 000000000000000000011100101101100001101100000110 000010000010001011 000111110101010001 01100110 000000000000000001011101101011010000101000001101 1 -> 000111001011000000 000000000000000000000000101101111110100100100010 0 000011011101101110011010110100110100111010011000
000011100101000111 000111001011000000 000000000000000000011100101101100001101100000110 000010000010001011 000111110101010001 01100110 000000000000000001011101101011010000101000001101 1 -> 000111001011000000 000000000000000000011001101011001001001101000000 0 000011011101101111111000100000000101100010100110
000011100101000111 000111001011000000 000000000000000000011100101101100001101100000110 000010000010001011 000111110101010001 01100110 000000000000000001011101101011010000101000001101 1 -> 000111001011000000 000000000000000000011001101011001001001101000000 0 000011011101110001010110001011010110001010110100
000010101010000111 000011011010110010 000000000000000001100110101011100000100110110010 000001110001001001 000111111011111010 01100110 000000000000000000010101010110100111110000000001 1 -> 000111001011000000 000000000000000000011001101011001001001101000000 0 000011011101110010110011110110100110110011000010
000010101010000111 000011011010110010 000000000000000001100110101011100000100110110010 000001110001001001 000111111011111010 01100110 000000000000000000010101010110100111110000000001 1 -> 000011011010110010 000000000000000000011001101011001001001101000000 0 000011011101110011001001001101001110100011000100
000010101010000111 000011011010110010 000000000000000001100110101011100000100110110010 000001110001001001 000111111011111010 01100110 000000000000000000010101010110100111110000000001 1 -> 000011011010110010 000000000000000000001001000101100000101111011110 0 000011011101110011011110100011110110010011000110
000010101010000111 000011011010110010 000000000000000001100110101011100000100110110010 000001110001001001 000111111011111010 01100110 000000000000000000010101010110100111110000000001 1 -> 000011011010110010 000000000000000000001001000101100000101111011110 0 000011011101110011110011111010011110000011001000
000100000100010001 000101011010101010 000000000000000001111101011110010110000011010110 000000101110010001 000000101010101101 01100110 000000000000000001010011110011110001110100100101 1 -> 000011011010110010 000000000000000000001001000101100000101111011110 0 000011011101110100001001010001000101110011001010
000100000100010001 000101011010101010 000000000000000001111101011110010110000011010110 000000101110010001 000000101010101101 01100110 000000000000000001010011110011110001110100100101 1 -> 000101011010101010 000000000000000000001001000101100000101111011110 0 000011011101110101011101000100110111100111110000
000100000100010001 000101011010101010 000000000000000001111101011110010110000011010110 000000101110010001 000000101010101101 01100110 000000000000000001010011110011110001110100100101 1 -> 000101011010101010 000000000000000000010110000001101110101101001010 0 000011011101110110110000111000101001011100010110
000100000100010001 000101011010101010 000000000000000001111101011110010110000011010110 000000101110010001 000000101010101101 01100110 000000000000000001010011110011110001110100100101 1 -> 000101011010101010 000000000000000000010110000001101110101101001010 0 000011011101111000000100101100011011010000111100
000000110010111010 000101000110001011 000000000000000001000111000100010000001100011001 000110000110001101 000100000110111000 01100110 000000000000000001000100011010000111110010011110 1 -> 000101011010101010 000000000000000000010110000001101110101101001010 0 000011011101111001011000100000001101000101100010
000000110010111010 000101000110001011 000000000000000001000111000100010000001100011001 000110000110001101 000100000110111000 01100110 000000000000000001000100011010000111110010011110 1 -> 000101000110001011 000000000000000000010110000001101110101101001010 0 000011011101111010011100111010010100111000000001
000000110010111010 000101000110001011 000000000000000001000111000100010000001100011001 000110000110001101 000100000110111000 01100110 000000000000000001000100011010000111110010011110 1 -> 000101000110001011 000000000000000000000100000011011100001011111110 0 000011011101111011100001010100011100101010100000
000000110010111010 000101000110001011 000000000000000001000111000100010000001100011001 000110000110001101 000100000110111000 01100110 000000000000000001000100011010000111110010011110 1 -> 000101000110001011 000000000000000000000100000011011100001011111110 0 000011011101111100100101101110100100011100111111
000111000001110000 000011111011110111 000000000000000000111000111100110111100100111000 000000010100001110 000001100100111011 01100110 000000000000000001111000101100010011010111111100 1 -> 000101000110001011 000000000000000000000100000011011100001011111110 0 000011011101111101101010001000101100001111011110
000111000001110000 000011111011110111 000000000000000000111000111100110111100100111000 000000010100001110 000001100100111011 01100110 000000000000000001111000101100010011010111111100 1 -> 000011111011110111 000000000000000000000100000011011100001011111110 0 000011011101111111100010110100111111100111011011
000111000001110000 000011111011110111 000000000000000000111000111100110111100100111000 000000010100001110 000001100100111011 01100110 000000000000000001111000101100010011010111111100 1 -> 000011111011110111 000000000000000000011011101001111001110000010000 0 000011011110000001011011100001010010111111011000
000111000001110000 000011111011110111 000000000000000000111000111100110111100100111000 000000010100001110 000001100100111011 01100110 000000000000000001111000101100010011010111111100 1 -> 000011111011110111 000000000000000000011011101001111001110000010000 0 000011011110000011010100001101100110010111010101
000011100101100101 000010111001000011 000000000000000000001110011111100000011110001110 000111011001011000 000101111111001001 01100110 000000000000000000110101000000110110001100000011 1 -> 000011111011110111 000000000000000000011011101001111001110000010000 0 000011011110000101001100111001111001101111010010
000011100101100101 000010111001000011 000000000000000000001110011111100000011110001110 000111011001011000 000101111111001001 01100110 000000000000000000110101000000110110001100000011 1 -> 000010111001000011 000000000000000000011011101001111001110000010000 0 000011011110000110000001111010101111111011010110
000011100101100101 000010111001000011 000000000000000000001110011111100000011110001110 000111011001011000 000101111111001001 01100110 000000000000000000110101000000110110001100000011 1 -> 000010111001000011 000000000000000000001010010111110010101101101111 0 000011011110000110110110111011100110000111011010
000011100101100101 000010111001000011 000000000000000000001110011111100000011110001110 000111011001011000 000101111111001001 01100110 000000000000000000110101000000110110001100000011 1 -> 000010111001000011 000000000000000000001010010111110010101101101111 0 000011011110000111101011111100011100010011011110
000001011010111100 000001001110100101 000000000000000000011011101101010010001101101001 000111101011101110 000100010001100100 01100110 000000000000000000010110100110100010100000110111 1 -> 000010111001000011 000000000000000000001010010111110010101101101111 0 000011011110001000100000111101010010011111100010
000001011010111100 000001001110100101 000000000000000000011011101101010010001101101001 000111101011101110 000100010001100100 01100110 000000000000000000010110100110100010100000110111 1 -> 000001001110100101 000000000000000000001010010111110010101101101111 0 000011011110001000110111100011110101000000011010
000001011010111100 000001001110100101 000000000000000000011011101101010010001101101001 000111101011101110 000100010001100100 01100110 000000000000000000010110100110100010100000110111 1 -> 000001001110100101 000000000000000000000001101111101001101100101100 0 000011011110001001001110001010010111100001010010
000001011010111100 000001001110100101 000000000000000000011011101101010010001101101001 000111101011101110 000100010001100100 01100110 000000000000000000010110100110100010100000110111 1 -> 000001001110100101 000000000000000000000001101111101001101100101100 0 000011011110001001100100110000111010000010001010
