000111010011100001 000100000100110110 000000000000000001101001001111000011100010001010 000101011001001011 000111011000101111 01101110 000000000000000000101110110000100001001111110010 1 -> 000001001110100101 000000000000000000000001101111101001101100101100 0 000011011110001001111011010111011100100011000010
000111010011100001 000100000100110110 000000000000000001101001001111000011100010001010 000101011001001011 000111011000101111 01101110 000000000000000000101110110000100001001111110010 1 -> 000100000100110110 000000000000000000000001101111101001101100101100 0 000011011110001010101010000111111101110010110101
000111010011100001 000100000100110110 000000000000000001101001001111000011100010001010 000101011001001011 000111011000101111 01101110 000000000000000000101110110000100001001111110010 1 -> 000100000100110110 000000000000000000011101110001011100100001110110 0 000011011110001100010011010111000001010101000000
000111010011100001 000100000100110110 000000000000000001101001001111000011100010001010 000101011001001011 000111011000101111 01101110 000000000000000000101110110000100001001111110010 1 -> 000100000100110110 000000000000000000011101110001011100100001110110 0 000011011110001101111100100110000100110111001011
000110010100111111 000001010001110010 000000000000000000110011111011010001010011000011 000001100010000110 000001101101010000 01101110 000000000000000000000101111011000001111100000100 1 -> 000100000100110110 000000000000000000011101110001011100100001110110 0 000011011110001111100101110101001000011001010110
000110010100111111 000001010001110010 000000000000000000110011111011010001010011000011 000001100010000110 000001101101010000 01101110 000000000000000000000101111011000001111100000100 1 -> 000001010001110010 000000000000000000011101110001011100100001110110 0 000011011110010001001111000100001011111011100001
000110010100111111 000001010001110010 000000000000000000110011111011010001010011000011 000001100010000110 000001101101010000 01101110 000000000000000000000101111011000001111100000100 1 -> 000001010001110010 000000000000000000001000000101100000001000001110 0 000011011110010010000010111111011101001110100101
000110010100111111 000001010001110010 000000000000000000110011111011010001010011000011 000001100010000110 000001101101010000 01101110 000000000000000000000101111011000001111100000100 1 -> 000001010001110010 000000000000000000001000000101100000001000001110 0 000011011110010010110110111010101110100001101001
000000001111110011 000100011000101000 000000000000000001011111011110010100001011101101 000000110100011011 000101100001011001 01101110 000000000000000000101010011010100100100000100101 1 -> 000001010001110010 000000000000000000001000000101100000001000001110 0 000011011110010011101010110101111111110100101101
000000001111110011 000100011000101000 000000000000000001011111011110010100001011101101 000000110100011011 000101100001011001 01101110 000000000000000000101010011010100100100000100101 1 -> 000100011000101000 000000000000000000001000000101100000001000001110 0 000011011110010100011110110001010001000111110001
000000001111110011 000100011000101000 000000000000000001011111011110010100001011101101 000000110100011011 000101100001011001 01101110 000000000000000000101010011010100100100000100101 1 -> 000100011000101000 000000000000000000000001000101010000111111111000 0 000011011110010101111110001111100101010011011111
000000001111110011 000100011000101000 000000000000000001011111011110010100001011101101 000000110100011011 000101100001011001 01101110 000000000000000000101010011010100100100000100101 1 -> 000100011000101000 000000000000000000000001000101010000111111111000 0 000011011110010111011101101101111001011111001101
000110101111110111 000000111100011001 000000000000000001000001101110110100000101011001 000100101111000101 000010110110101111 01101110 000000000000000000111000000011010011011111111110 1 -> 000100011000101000 000000000000000000000001000101010000111111111000 0 000011011110011000111101001100001101101010111011
000110101111110111 000000111100011001 000000000000000001000001101110110100000101011001 000100101111000101 000010110110101111 01101110 000000000000000000111000000011010011011111111110 1 -> 000000111100011001 000000000000000000000001000101010000111111111000 0 000011011110011010011100101010100001110110101001
000110101111110111 000000111100011001 000000000000000001000001101110110100000101011001 000100101111000101 000010110110101111 01101110 000000000000000000111000000011010011011111111110 1 -> 000000111100011001 000000000000000000000110010111100000010000011111 0 000011011110011011011110011001010101111100000011
000110101111110111 000000111100011001 000000000000000001000001101110110100000101011001 000100101111000101 000010110110101111 01101110 000000000000000000111000000011010011011111111110 1 -> 000000111100011001 000000000000000000000110010111100000010000011111 0 000011011110011100100000001000001010000001011101
000000010111001101 000101110001110000 000000000000000000001110111111000110111100011100 000101101111011110 000111100101000001 01101110 000000000000000001010110011100100001101001101101 1 -> 000000111100011001 000000000000000000000110010111100000010000011111 0 000011011110011101100001110110111110000110110111
000000010111001101 000101110001110000 000000000000000000001110111111000110111100011100 000101101111011110 000111100101000001 01101110 000000000000000001010110011100100001101001101101 1 -> 000101110001110000 000000000000000000000110010111100000010000011111 0 000011011110011110100011100101110010001100010001
000000010111001101 000101110001110000 000000000000000000001110111111000110111100011100 000101101111011110 000111100101000001 01101110 000000000000000001010110011100100001101001101101 1 -> 000101110001110000 000000000000000000000010000110000011010110110000 0 000011011110011110110010100100111001001000101110
000000010111001101 000101110001110000 000000000000000000001110111111000110111100011100 000101101111011110 000111100101000001 01101110 000000000000000001010110011100100001101001101101 1 -> 000101110001110000 000000000000000000000010000110000011010110110000 0 000011011110011111000001100100000000000101001011
000010101000011001 000110010000000000 000000000000000001010111100111110100111101111000 000111001111001010 000010011100010010 01101110 000000000000000000100111010000010000010001101101 1 -> 000101110001110000 000000000000000000000010000110000011010110110000 0 000011011110011111010000100011000111000001101000
000010101000011001 000110010000000000 000000000000000001010111100111110100111101111000 000111001111001010 000010011100010010 01101110 000000000000000000100111010000010000010001101101 1 -> 000110010000000000 000000000000000000000010000110000011010110110000 0 000011011110011111011111100010001101111110000101
000010101000011001 000110010000000000 000000000000000001010111100111110100111101111000 000111001111001010 000010011100010010 01101110 000000000000000000100111010000010000010001101101 1 -> 000110010000000000 000000000000000000010000011100011100010000000000 0 000011011110100000110111001010000010111011111110
000010101000011001 000110010000000000 000000000000000001010111100111110100111101111000 000111001111001010 000010011100010010 01101110 000000000000000000100111010000010000010001101101 1 -> 000110010000000000 000000000000000000010000011100011100010000000000 0 000011011110100010001110110001110111111001110111
000011000111001100 000010001100111011 000000000000000000100110111111010011100101111100 000001110101001001 000110110110011010 01101110 000000000000000001011111000110110010111011111000 1 -> 000110010000000000 000000000000000000010000011100011100010000000000 0 000011011110100011100110011001101100110111110000
000011000111001100 000010001100111011 000000000000000000100110111111010011100101111100 000001110101001001 000110110110011010 01101110 000000000000000001011111000110110010111011111000 1 -> 000010001100111011 000000000000000000010000011100011100010000000000 0 000011011110100100111110000001100001110101101001
000011000111001100 000010001100111011 000000000000000000100110111111010011100101111100 000001110101001001 000110110110011010 01101110 000000000000000001011111000110110010111011111000 1 -> 000010001100111011 000000000000000000000110110110100101111000000100 0 000011011110100101100101000000110101011011100110
000011000111001100 000010001100111011 000000000000000000100110111111010011100101111100 000001110101001001 000110110110011010 01101110 000000000000000001011111000110110010111011111000 1 -> 000010001100111011 000000000000000000000110110110100101111000000100 0 000011011110100110001100000000001001000001100011
000011111000111111 000111110111010000 000000000000000000000010000101000010001011010000 000110010100101110 000100100100000111 01101110 000000000000000000110001000011010100110100101010 1 -> 000010001100111011 000000000000000000000110110110100101111000000100 0 000011011110100110110010111111011100100111100000
000011111000111111 000111110111010000 000000000000000000000010000101000010001011010000 000110010100101110 000100100100000111 01101110 000000000000000000110001000011010100110100101010 1 -> 000111110111010000 000000000000000000000110110110100101111000000100 0 000011011110100111011001111110110000001101011101
000011111000111111 000111110111010000 000000000000000000000010000101000010001011010000 000110010100101110 000100100100000111 01101110 000000000000000000110001000011010100110100101010 1 -> 000111110111010000 000000000000000000011110100101110101011000110000 0 000011011110100111011100000011110010011000101110
000011111000111111 000111110111010000 000000000000000000000010000101000010001011010000 000110010100101110 000100100100000111 01101110 000000000000000000110001000011010100110100101010 1 -> 000111110111010000 000000000000000000011110100101110101011000110000 0 000011011110100111011110001000110100100011111111
000000100100001101 000000100100000000 000000000000000000000010011011110010100000001100 000111100001111111 000100011011011011 01101110 000000000000000001101101101010100001100011111011 1 -> 000111110111010000 000000000000000000011110100101110101011000110000 0 000011011110100111100000001101110110101111010000
000000100100001101 000000100100000000 000000000000000000000010011011110010100000001100 000111100001111111 000100011011011011 01101110 000000000000000001101101101010100001100011111011 1 -> 000000100100000000 000000000000000000011110100101110101011000110000 0 000011011110100111100010010010111000111010100001
000000100100001101 000000100100000000 000000000000000000000010011011110010100000001100 000111100001111111 000100011011011011 01101110 000000000000000001101101101010100001100011111011 1 -> 000000100100000000 000000000000000000000000010100010111010100000000 0 000011011110100111100100101110101011011010101110
000000100100001101 000000100100000000 000000000000000000000010011011110010100000001100 000111100001111111 000100011011011011 01101110 000000000000000001101101101010100001100011111011 1 -> 000000100100000000 000000000000000000000000010100010111010100000000 0 000011011110100111100111001010011101111010111011
000001101101111001 000100011000101000 000000000000000001000001111010010110010110100011 000100001010110111 000101011010101110 01101110 000000000000000001101110010100110010100011000111 1 -> 000000100100000000 000000000000000000000000010100010111010100000000 0 000011011110100111101001100110010000011011001000
000001101101111001 000100011000101000 000000000000000001000001111010010110010110100011 000100001010110111 000101011010101110 01101110 000000000000000001101110010100110010100011000111 1 -> 000100011000101000 000000000000000000000000010100010111010100000000 0 000011011110100111101100000010000010111011010101
000001101101111001 000100011000101000 000000000000000001000001111010010110010110100011 000100001010110111 000101011010101110 01101110 000000000000000001101110010100110010100011000111 1 -> 000100011000101000 000000000000000000000111100001110110000011101000 0 000011011110101000101101111100011001010001111001
000001101101111001 000100011000101000 000000000000000001000001111010010110010110100011 000100001010110111 000101011010101110 01101110 000000000000000001101110010100110010100011000111 1 -> 000100011000101000 000000000000000000000111100001110110000011101000 0 000011011110101001101111110110101111101000011101
000000010010111110 000101100100011100 000000000000000001011011011110110001101001111001 000110111011000011 000110001101111101 01101110 000000000000000001110110001010100011010111100001 1 -> 000100011000101000 000000000000000000000111100001110110000011101000 0 000011011110101010110001110001000101111111000001
000000010010111110 000101100100011100 000000000000000001011011011110110001101001111001 000110111011000011 000110001101111101 01101110 000000000000000001110110001010100011010111100001 1 -> 000101100100011100 000000000000000000000111100001110110000011101000 0 000011011110101011110011101011011100010101100101
000000010010111110 000101100100011100 000000000000000001011011011110110001101001111001 000110111011000011 000110001101111101 01101110 000000000000000001110110001010100011010111100001 1 -> 000101100100011100 000000000000000000000001101001101001001011001000 0 000011011110101101001111001010001101111111011111
000000010010111110 000101100100011100 000000000000000001011011011110110001101001111001 000110111011000011 000110001101111101 01101110 000000000000000001110110001010100011010111100001 1 -> 000101100100011100 000000000000000000000001101001101001001011001000 0 000011011110101110101010101000111111101001011001
000000111011000110 000101101110100000 000000000000000001100111010011010000100000101101 000000011111001100 000110010100010011 01101110 000000000000000001010110110000110101001110111111 1 -> 000101100100011100 000000000000000000000001101001101001001011001000 0 000011011110110000000110000111110001010011010011
000000111011000110 000101101110100000 000000000000000001100111010011010000100000101101 000000011111001100 000110010100010011 01101110 000000000000000001010110110000110101001110111111 1 -> 000101101110100000 000000000000000000000001101001101001001011001000 0 000011011110110001100001100110100010111101001101
000000111011000110 000101101110100000 000000000000000001100111010011010000100000101101 000000011111001100 000110010100010011 01101110 000000000000000001010110110000110101001110111111 1 -> 000101101110100000 000000000000000000000101010010011001110111000000 0 000011011110110011001000111001110011011101111011
000000111011000110 000101101110100000 000000000000000001100111010011010000100000101101 000000011111001100 000110010100010011 01101110 000000000000000001010110110000110101001110111111 1 -> 000101101110100000 000000000000000000000101010010011001110111000000 0 000011011110110100110000001101000011111110101001
000101110011101101 000110001111010010 000000000000000001110100100010000010110110001110 000110110111110101 000010100100110000 01101110 000000000000000001011011010111000100101000010000 1 -> 000101101110100000 000000000000000000000101010010011001110111000000 0 000011011110110110010111100000010100011111010111
000101110011101101 000110001111010010 000000000000000001110100100010000010110110001110 000110110111110101 000010100100110000 01101110 000000000000000001011011010111000100101000010000 1 -> 000110001111010010 000000000000000000000101010010011001110111000000 0 000011011110110111111110110011100101000000000101
000101110011101101 000110001111010010 000000000000000001110100100010000010110110001110 000110110111110101 000010100100110000 01101110 000000000000000001011011010111000100101000010000 1 -> 000110001111010010 000000000000000000100100001110111110000101101010 0 000011011110111001110011010101100111110110010100
000101110011101101 000110001111010010 000000000000000001110100100010000010110110001110 000110110111110101 000010100100110000 01101110 000000000000000001011011010111000100101000010000 1 -> 000110001111010010 000000000000000000100100001110111110000101101010 0 000011011110111011100111110111101010101100100011
000101101100011111 000101100000111100 000000000000000001101000110011010111000000010100 000110010110100111 000010111101001000 01101110 000000000000000000011101000001000001001001111000 1 -> 000110001111010010 000000000000000000100100001110111110000101101010 0 000011011110111101011100011001101101100010110010
000101101100011111 000101100000111100 000000000000000001101000110011010111000000010100 000110010110100111 000010111101001000 01101110 000000000000000000011101000001000001001001111000 1 -> 000101100000111100 000000000000000000100100001110111110000101101010 0 000011011110111111010000111011110000011001000001
000101101100011111 000101100000111100 000000000000000001101000110011010111000000010100 000110010110100111 000010111101001000 01101110 000000000000000000011101000001000001001001111000 1 -> 000101100000111100 000000000000000000011111011010000000001101000100 0 000011011111000000111001101111000111011001010110
000101101100011111 000101100000111100 000000000000000001101000110011010111000000010100 000110010110100111 000010111101001000 01101110 000000000000000000011101000001000001001001111000 1 -> 000101100000111100 000000000000000000011111011010000000001101000100 0 000011011111000010100010100010011110011001101011
000100111101110100 000010101000011011 000000000000000000101011011011100111010000000110 000100101110100111 000000001011100101 01101110 000000000000000001111011000000000100100001110110 1 -> 000101100000111100 000000000000000000011111011010000000001101000100 0 000011011111000100001011010101110101011010000000
000100111101110100 000010101000011011 000000000000000000101011011011100111010000000110 000100101110100111 000000001011100101 01101110 000000000000000001111011000000000100100001110110 1 -> 000010101000011011 000000000000000000011111011010000000001101000100 0 000011011111000101110100001001001100011010010101
000100111101110100 000010101000011011 000000000000000000101011011011100111010000000110 000100101110100111 000000001011100101 01101110 000000000000000001111011000000000100100001110110 1 -> 000010101000011011 000000000000000000001101000100010110100100111100 0 000011011111000110011111100100110011101010011100
000100111101110100 000010101000011011 000000000000000000101011011011100111010000000110 000100101110100111 000000001011100101 01101110 000000000000000001111011000000000100100001110110 1 -> 000010101000011011 000000000000000000001101000100010110100100111100 0 000011011111000111001011000000011010111010100011
000101111001100011 000111000100010100 000000000000000000000101010111010000101011100001 000011100011010001 000111010110001111 01101110 000000000000000001001101110001100001111010001010 1 -> 000010101000011011 000000000000000000001101000100010110100100111100 0 000011011111000111110110011100000010001010101010
000101111001100011 000111000100010100 000000000000000000000101010111010000101011100001 000011100011010001 000111010110001111 01101110 000000000000000001001101110001100001111010001010 1 -> 000111000100010100 000000000000000000001101000100010110100100111100 0 000011011111001000100001110111101001011010110001
000101111001100011 000111000100010100 000000000000000000000101010111010000101011100001 000011100011010001 000111010110001111 01101110 000000000000000001001101110001100001111010001010 1 -> 000111000100010100 000000000000000000101001101100010001001010111100 0 000011011111001000100111001110111010000110010011
000101111001100011 000111000100010100 000000000000000000000101010111010000101011100001 000011100011010001 000111010110001111 01101110 000000000000000001001101110001100001111010001010 1 -> 000111000100010100 000000000000000000101001101100010001001010111100 0 000011011111001000101100100110001010110001110101
000011010010110010 000100001111100100 000000000000000000100010110101100010000100000100 000010010011010111 000110110111101001 01101110 000000000000000001100001000111100010100101000010 1 -> 000111000100010100 000000000000000000101001101100010001001010111100 0 000011011111001000110001111101011011011101010111
000011010010110010 000100001111100100 000000000000000000100010110101100010000100000100 000010010011010111 000110110111101001 01101110 000000000000000001100001000111100010100101000010 1 -> 000100001111100100 000000000000000000101001101100010001001010111100 0 000011011111001000110111010100101100001000111001
000011010010110010 000100001111100100 000000000000000000100010110101100010000100000100 000010010011010111 000110110111101001 01101110 000000000000000001100001000111100010100101000010 1 -> 000100001111100100 000000000000000000001101111110011000010010001000 0 000011011111001001011010001010001110001100111110
000011010010110010 000100001111100100 000000000000000000100010110101100010000100000100 000010010011010111 000110110111101001 01101110 000000000000000001100001000111100010100101000010 1 -> 000100001111100100 000000000000000000001101111110011000010010001000 0 000011011111001001111100111111110000010001000011
000000011011100011 000011100001000011 000000000000000000000010101000010110111110010101 000101101111011010 000000001100001100 01101110 000000000000000001111111000111110101011100101110 1 -> 000100001111100100 000000000000000000001101111110011000010010001000 0 000011011111001010011111110101010010010101001000
000000011011100011 000011100001000011 000000000000000000000010101000010110111110010101 000101101111011010 000000001100001100 01101110 000000000000000001111111000111110101011100101110 1 -> 000011100001000011 000000000000000000001101111110011000010010001000 0 000011011111001011000010101010110100011001001101
000000011011100011 000011100001000011 000000000000000000000010101000010110111110010101 000101101111011010 000000001100001100 01101110 000000000000000001111111000111110101011100101110 1 -> 000011100001000011 000000000000000000000001100000110111010101101001 0 000011011111001011000101010011001011010111100011
000000011011100011 000011100001000011 000000000000000000000010101000010110111110010101 000101101111011010 000000001100001100 01101110 000000000000000001111111000111110101011100101110 1 -> 000011100001000011 000000000000000000000001100000110111010101101001 0 000011011111001011000111111011100010010101111001
000001100000110011 000111111010110100 000000000000000000101110110100110011110010111010 000100100010010000 000110110001100011 01101110 000000000000000000111110111110010001100101110011 1 -> 000011100001000011 000000000000000000000001100000110111010101101001 0 000011011111001011001010100011111001010100001111
000001100000110011 000111111010110100 000000000000000000101110110100110011110010111010 000100100010010000 000110110001100011 01101110 000000000000000000111110111110010001100101110011 1 -> 000111111010110100 000000000000000000000001100000110111010101101001 0 000011011111001011001101001100010000010010100101
000001100000110011 000111111010110100 000000000000000000101110110100110011110010111010 000100100010010000 000110110001100011 01101110 000000000000000000111110111110010001100101110011 1 -> 000111111010110100 000000000000000000001011111110100001110111011100 0 000011011111001011111100000001000100000101100000
000001100000110011 000111111010110100 000000000000000000101110110100110011110010111010 000100100010010000 000110110001100011 01101110 000000000000000000111110111110010001100101110011 1 -> 000111111010110100 000000000000000000001011111110100001110111011100 0 000011011111001100101010110101110111111000011011
000111000001100001 000001110001011011 000000000000000000111101000100000000111011010011 000010010101111111 000111101111010101 01101110 000000000000000001001010110111110010010011000000 1 -> 000111111010110100 000000000000000000001011111110100001110111011100 0 000011011111001101011001101010101011101011010110
000111000001100001 000001110001011011 000000000000000000111101000100000000111011010011 000010010101111111 000111101111010101 01101110 000000000000000001001010110111110010010011000000 1 -> 000001110001011011 000000000000000000001011111110100001110111011100 0 000011011111001110001000011111011111011110010001
000111000001100001 000001110001011011 000000000000000000111101000100000000111011010011 000010010101111111 000111101111010101 01101110 000000000000000001001010110111110010010011000000 1 -> 000001110001011011 000000000000000000001100011100101000111001111011 0 000011011111001111000101100011100000011001100101
000111000001100001 000001110001011011 000000000000000000111101000100000000111011010011 000010010101111111 000111101111010101 01101110 000000000000000001001010110111110010010011000000 1 -> 000001110001011011 000000000000000000001100011100101000111001111011 0 000011011111010000000010100111100001010100111001
000000010101110010 000100001111001010 000000000000000001001101001010010010101000010010 000001111111111011 000010100011101010 01101110 000000000000000001100010110101100110110000100111 1 -> 000001110001011011 000000000000000000001100011100101000111001111011 0 000011011111010000111111101011100010010000001101
000000010101110010 000100001111001010 000000000000000001001101001010010010101000010010 000001111111111011 000010100011101010 01101110 000000000000000001100010110101100110110000100111 1 -> 000100001111001010 000000000000000000001100011100101000111001111011 0 000011011111010001111100101111100011001011100001
000000010101110010 000100001111001010 000000000000000001001101001010010010101000010010 000001111111111011 000010100011101010 01101110 000000000000000001100010110101100110110000100111 1 -> 000100001111001010 000000000000000000000001011100010010000111110100 0 000011011111010011001001111001110101110011110100
000000010101110010 000100001111001010 000000000000000001001101001010010010101000010010 000001111111111011 000010100011101010 01101110 000000000000000001100010110101100110110000100111 1 -> 000100001111001010 000000000000000000000001011100010010000111110100 0 000011011111010100010111000100001000011100000111
000001100010111011 000111010011101010 000000000000000000010101101001100110111000110101 000100001110010011 000001110101100011 01101110 000000000000000000110101101111000100100110110110 1 -> 000100001111001010 000000000000000000000001011100010010000111110100 0 000011011111010101100100001110011011000100011010
000001100010111011 000111010011101010 000000000000000000010101101001100110111000110101 000100001110010011 000001110101100011 01101110 000000000000000000110101101111000100100110110110 1 -> 000111010011101010 000000000000000000000001011100010010000111110100 0 000011011111010110110001011000101101101100101101
000001100010111011 000111010011101010 000000000000000000010101101001100110111000110101 000100001110010011 000001110101100011 01101110 000000000000000000110101101111000100100110110110 1 -> 000111010011101010 000000000000000000001011010010110101011011101110 0 000011011111010111000111000010010100100101100011
000001100010111011 000111010011101010 000000000000000000010101101001100110111000110101 000100001110010011 000001110101100011 01101110 000000000000000000110101101111000100100110110110 1 -> 000111010011101010 000000000000000000001011010010110101011011101110 0 000011011111010111011100101011111011011110011001
000101010101010100 000000000000110100 000000000000000001110110111100010011010001001110 000000010010101011 000100011000011100 01101110 000000000000000001011111101101110101111111000100 1 -> 000111010011101010 000000000000000000001011010010110101011011101110 0 000011011111010111110010010101100010010111001111
000101010101010100 000000000000110100 000000000000000001110110111100010011010001001110 000000010010101011 000100011000011100 01101110 000000000000000001011111101101110101111111000100 1 -> 000000000000110100 000000000000000000001011010010110101011011101110 0 000011011111011000000111111111001001010000000101
000101010101010100 000000000000110100 000000000000000001110110111100010011010001001110 000000010010101011 000100011000011100 01101110 000000000000000001011111101101110101111111000100 1 -> 000000000000110100 000000000000000000000000000100010101010100010000 0 000011011111011001111110111011011100100001010100
000101010101010100 000000000000110100 000000000000000001110110111100010011010001001110 000000010010101011 000100011000011100 01101110 000000000000000001011111101101110101111111000100 1 -> 000000000000110100 000000000000000000000000000100010101010100010000 0 000011011111011011110101110111101111110010100011
000000111110100001 000001000111011110 000000000000000000100001010000000110001011000111 000011000101100111 000011010110101010 01101110 000000000000000001010110100010100100011101111011 1 -> 000000000000110100 000000000000000000000000000100010101010100010000 0 000011011111011101101100110100000011000011110010
000000111110100001 000001000111011110 000000000000000000100001010000000110001011000111 000011000101100111 000011010110101010 01101110 000000000000000001010110100010100100011101111011 1 -> 000001000111011110 000000000000000000000000000100010101010100010000 0 000011011111011111100011110000010110010101000001
000000111110100001 000001000111011110 000000000000000000100001010000000110001011000111 000011000101100111 000011010110101010 01101110 000000000000000001010110100010100100011101111011 1 -> 000001000111011110 000000000000000000000001000101110011111010011110 0 000011011111100000000101000000011100100000001001
000000111110100001 000001000111011110 000000000000000000100001010000000110001011000111 000011000101100111 000011010110101010 01101110 000000000000000001010110100010100100011101111011 1 -> 000001000111011110 000000000000000000000001000101110011111010011110 0 000011011111100000100110010000100010101011010001
000001011100100001 000101111001110001 000000000000000001011000011100010001110111110100 000011011000101010 000000111001010010 01101110 000000000000000001101000101101100100110001111110 1 -> 000001000111011110 000000000000000000000001000101110011111010011110 0 000011011111100001000111100000101000110110011001
000001011100100001 000101111001110001 000000000000000001011000011100010001110111110100 000011011000101010 000000111001010010 01101110 000000000000000001101000101101100100110001111110 1 -> 000101111001110001 000000000000000000000001000101110011111010011110 0 000011011111100001101000110000101111000001100001
000001011100100001 000101111001110001 000000000000000001011000011100010001110111110100 000011011000101010 000000111001010010 01101110 000000000000000001101000101101100100110001111110 1 -> 000101111001110001 000000000000000000001000100010000101001110010001 0 000011011111100011000001001101000000111001010110
000001011100100001 000101111001110001 000000000000000001011000011100010001110111110100 000011011000101010 000000111001010010 01101110 000000000000000001101000101101100100110001111110 1 -> 000101111001110001 000000000000000000001000100010000101001110010001 0 000011011111100100011001101001010010110001001011
000010000111111111 000110101110111101 000000000000000001100111110110110111111111000100 000000111110000011 000101000101100101 01101110 000000000000000001011011110111100001110000010001 1 -> 000101111001110001 000000000000000000001000100010000101001110010001 0 000011011111100101110010000101100100101001000000
000010000111111111 000110101110111101 000000000000000001100111110110110111111111000100 000000111110000011 000101000101100101 01101110 000000000000000001011011110111100001110000010001 1 -> 000110101110111101 000000000000000000001000100010000101001110010001 0 000011011111100111001010100001110110100000110101
000010000111111111 000110101110111101 000000000000000001100111110110110111111111000100 000000111110000011 000101000101100101 01101110 000000000000000001011011110111100001110000010001 1 -> 000110101110111101 000000000000000000001110010011101010111001000011 0 000011011111101000110010011000101110011111111010
000010000111111111 000110101110111101 000000000000000001100111110110110111111111000100 000000111110000011 000101000101100101 01101110 000000000000000001011011110111100001110000010001 1 -> 000110101110111101 000000000000000000001110010011101010111001000011 0 000011011111101010011010001111100110011110111111
000011111111110001 000111000010011001 000000000000000001000101010111100100111010010010 000011001000001100 000100101011101011 01101110 000000000000000000101001101101010111111011000101 1 -> 000110101110111101 000000000000000000001110010011101010111001000011 0 000011011111101100000010000110011110011110000100
000011111111110001 000111000010011001 000000000000000001000101010111100100111010010010 000011001000001100 000100101011101011 01101110 000000000000000000101001101101010111111011000101 1 -> 000111000010011001 000000000000000000001110010011101010111001000011 0 000011011111101101101001111101010110011101001001
000011111111110001 000111000010011001 000000000000000001000101010111100100111010010010 000011001000001100 000100101011101011 01101110 000000000000000000101001101101010111111011000101 1 -> 000111000010011001 000000000000000000011100000111111010011100001001 0 000011011111101110101111010100111011010111011100
000011111111110001 000111000010011001 000000000000000001000101010111100100111010010010 000011001000001100 000100101011101011 01101110 000000000000000000101001101101010111111011000101 1 -> 000111000010011001 000000000000000000011100000111111010011100001001 0 000011011111101111110100101100100000010001101111
000001100100000010 000100110100010110 000000000000000000001110010001110100100111111111 000111001111110001 000001000001010111 01101110 000000000000000001000011110000000111110101100110 1 -> 000111000010011001 000000000000000000011100000111111010011100001001 0 000011011111110000111010000100000101001100000010
000001100100000010 000100110100010110 000000000000000000001110010001110100100111111111 000111001111110001 000001000001010111 01101110 000000000000000001000011110000000111110101100110 1 -> 000100110100010110 000000000000000000011100000111111010011100001001 0 000011011111110001111111011011101010000110010101
000001100100000010 000100110100010110 000000000000000000001110010001110100100111111111 000111001111110001 000001000001010111 01101110 000000000000000001000011110000000111110101100110 1 -> 000100110100010110 000000000000000000000111100001111100000000101100 0 000011011111110010001101101101011110101110010101
000001100100000010 000100110100010110 000000000000000000001110010001110100100111111111 000111001111110001 000001000001010111 01101110 000000000000000001000011110000000111110101100110 1 -> 000100110100010110 000000000000000000000111100001111100000000101100 0 000011011111110010011011111111010011010110010101
000010110111101101 000100001100100010 000000000000000001100010111010010101001100001110 000010011000010111 000100011111000011 01101110 000000000000000000101111011010100010011110010011 1 -> 000100110100010110 000000000000000000000111100001111100000000101100 0 000011011111110010101010010001000111111110010101
000010110111101101 000100001100100010 000000000000000001100010111010010101001100001110 000010011000010111 000100011111000011 01101110 000000000000000000101111011010100010011110010011 1 -> 000100001100100010 000000000000000000000111100001111100000000101100 0 000011011111110010111000100010111100100110010101
000010110111101101 000100001100100010 000000000000000001100010111010010101001100001110 000010011000010111 000100011111000011 01101110 000000000000000000101111011010100010011110010011 1 -> 000100001100100010 000000000000000000001100000010110010000001111010 0 000011011111110100011011011101010001110010100100
000010110111101101 000100001100100010 000000000000000001100010111010010101001100001110 000010011000010111 000100011111000011 01101110 000000000000000000101111011010100010011110010011 1 -> 000100001100100010 000000000000000000001100000010110010000001111010 0 000011011111110101111110010111100110111110110011
000000010111101010 000010100110010110 000000000000000000000011000100100000010110100001 000011010101101010 000011111010010000 01101110 000000000000000000001000011000000110100111000011 1 -> 000100001100100010 000000000000000000001100000010110010000001111010 0 000011011111110111100001010001111100001011000010
000000010111101010 000010100110010110 000000000000000000000011000100100000010110100001 000011010101101010 000011111010010000 01101110 000000000000000000001000011000000110100111000011 1 -> 000010100110010110 000000000000000000001100000010110010000001111010 0 000011011111111001000100001100010001010111010001
000000010111101010 000010100110010110 000000000000000000000011000100100000010110100001 000011010101101010 000011111010010000 01101110 000000000000000000001000011000000110100111000011 1 -> 000010100110010110 000000000000000000000000111101011111000100011100 0 000011011111111001000111010000110001101101110011
000000010111101010 000010100110010110 000000000000000000000011000100100000010110100001 000011010101101010 000011111010010000 01101110 000000000000000000001000011000000110100111000011 1 -> 000010100110010110 000000000000000000000000111101011111000100011100 0 000011011111111001001010010101010010000100010101
000101000011011101 000000001110111001 000000000000000001001110010000010111110010100100 000001101001000010 000011111011001001 01101110 000000000000000001001011000111010011110111000111 1 -> 000010100110010110 000000000000000000000000111101011111000100011100 0 000011011111111001001101011001110010011010110111
000101000011011101 000000001110111001 000000000000000001001110010000010111110010100100 000001101001000010 000011111011001001 01101110 000000000000000001001011000111010011110111000111 1 -> 000000001110111001 000000000000000000000000111101011111000100011100 0 000011011111111001010000011110010010110001011001
000101000011011101 000000001110111001 000000000000000001001110010000010111110010100100 000001101001000010 000011111011001001 01101110 000000000000000001001011000111010011110111000111 1 -> 000000001110111001 000000000000000000000001001011010000011010110101 0 000011011111111010011110101110101010100011111110
000101000011011101 000000001110111001 000000000000000001001110010000010111110010100100 000001101001000010 000011111011001001 01101110 000000000000000001001011000111010011110111000111 1 -> 000000001110111001 000000000000000000000001001011010000011010110101 0 000011011111111011101100111111000010010110100011
000000111011111111 000110010110011110 000000000000000001000111101100110111001100100010 000000100100011110 000101001111111011 01101110 000000000000000001111101111100100111100010110110 1 -> 000000001110111001 000000000000000000000001001011010000011010110101 0 000011011111111100111011001111011010001001001000
000000111011111111 000110010110011110 000000000000000001000111101100110111001100100010 000000100100011110 000101001111111011 01101110 000000000000000001111101111100100111100010110110 1 -> 000110010110011110 000000000000000000000001001011010000011010110101 0 000011011111111110001001011111110001111011101101
000000111011111111 000110010110011110 000000000000000001000111101100110111001100100010 000000100100011110 000101001111111011 01101110 000000000000000001111101111100100111100010110110 1 -> 000110010110011110 000000000000000000000101111100111101110001100010 0 000011011111111111010001001100101001001000010000
000000111011111111 000110010110011110 000000000000000001000111101100110111001100100010 000000100100011110 000101001111111011 01101110 000000000000000001111101111100100111100010110110 1 -> 000110010110011110 000000000000000000000101111100111101110001100010 0 000011100000000000011000111001100000010100110011
000111111111001101 000100010011001000 000000000000000001001101011101000001010011000011 000101100010010010 000110100011100010 01101110 000000000000000001011010100011110011011011011111 1 -> 000110010110011110 000000000000000000000101111100111101110001100010 0 000011100000000001100000100110010111100001010110
000111111111001101 000100010011001000 000000000000000001001101011101000001010011000011 000101100010010010 000110100011100010 01101110 000000000000000001011010100011110011011011011111 1 -> 000100010011001000 000000000000000000000101111100111101110001100010 0 000011100000000010101000010011001110101101111001
000111111111001101 000100010011001000 000000000000000001001101011101000001010011000011 000101100010010010 000110100011100010 01101110 000000000000000001011010100011110011011011011111 1 -> 000100010011001000 000000000000000000100010010101100100110000101000 0 000011100000000011110101110000010000000000111101
000111111111001101 000100010011001000 000000000000000001001101011101000001010011000011 000101100010010010 000110100011100010 01101110 000000000000000001011010100011110011011011011111 1 -> 000100010011001000 000000000000000000100010010101100100110000101000 0 000011100000000101000011001101010001010100000001
000001011101100010 000010000101010101 000000000000000001000001010000100101100110110010 000101100111111010 000101111110111001 01101110 000000000000000001110001000100010101111001101101 1 -> 000100010011001000 000000000000000000100010010101100100110000101000 0 000011100000000110010000101010010010100111000101
000001011101100010 000010000101010101 000000000000000001000001010000100101100110110010 000101100111111010 000101111110111001 01101110 000000000000000001110001000100010101111001101101 1 -> 000010000101010101 000000000000000000100010010101100100110000101000 0 000011100000000111011110000111010011111010001001
000001011101100010 000010000101010101 000000000000000001000001010000100101100110110010 000101100111111010 000101111110111001 01101110 000000000000000001110001000100010101111001101101 1 -> 000010000101010101 000000000000000000000011000010110110010110001010 0 000011100000001000011111010111111001100000111100
000001011101100010 000010000101010101 000000000000000001000001010000100101100110110010 000101100111111010 000101111110111001 01101110 000000000000000001110001000100010101111001101101 1 -> 000010000101010101 000000000000000000000011000010110110010110001010 0 000011100000001001100000101000011111000111101111
000011101111011000 000011110110100100 000000000000000000101001110100110110100001100010 000001001100100111 000000110001101011 01101110 000000000000000000001010110111010111001011010101 1 -> 000010000101010101 000000000000000000000011000010110110010110001010 0 000011100000001010100001111001000100101110100010
000011101111011000 000011110110100100 000000000000000000101001110100110110100001100010 000001001100100111 000000110001101011 01101110 000000000000000000001010110111010111001011010101 1 -> 000011110110100100 000000000000000000000011000010110110010110001010 0 000011100000001011100011001001101010010101010101
000011101111011000 000011110110100100 000000000000000000101001110100110110100001100010 000001001100100111 000000110001101011 01101110 000000000000000000001010110111010111001011010101 1 -> 000011110110100100 000000000000000000001110011010001100111001100000 0 000011100000001100001100111110100000110110111000
000011101111011000 000011110110100100 000000000000000000101001110100110110100001100010 000001001100100111 000000110001101011 01101110 000000000000000000001010110111010111001011010101 1 -> 000011110110100100 000000000000000000001110011010001100111001100000 0 000011100000001100110110110011010111011000011011
000011101010011000 000011110010000110 000000000000000000110000001110110010000001011100 000101100110001100 000011101100011110 01101110 000000000000000000010010010110000001101101011011 1 -> 000011110110100100 000000000000000000001110011010001100111001100000 0 000011100000001101100000101000001101111001111110
000011101010011000 000011110010000110 000000000000000000110000001110110010000001011100 000101100110001100 000011101100011110 01101110 000000000000000000010010010110000001101101011011 1 -> 000011110010000110 000000000000000000001110011010001100111001100000 0 000011100000001110001010011101000100011011100001
000011101010011000 000011110010000110 000000000000000000110000001110110010000001011100 000101100110001100 000011101100011110 01101110 000000000000000000010010010110000001101101011011 1 -> 000011110010000110 000000000000000000001101110110100100101110010000 0 000011100000001110111010101011110110011100111110
000011101010011000 000011110010000110 000000000000000000110000001110110010000001011100 000101100110001100 000011101100011110 01101110 000000000000000000010010010110000001101101011011 1 -> 000011110010000110 000000000000000000001101110110100100101110010000 0 000011100000001111101010111010101000011110011011
000110101001010110 000000100001110100 000000000000000001111110010001010110101110001010 000110010011110111 000110011100011111 01101110 000000000000000000011101011001100110010111101110 1 -> 000011110010000110 000000000000000000001101110110100100101110010000 0 000011100000010000011011001001011010011111111000
000110101001010110 000000100001110100 000000000000000001111110010001010110101110001010 000110010011110111 000110011100011111 01101110 000000000000000000011101011001100110010111101110 1 -> 000000100001110100 000000000000000000001101110110100100101110010000 0 000011100000010001001011011000001100100001010101
000110101001010110 000000100001110100 000000000000000001111110010001010110101110001010 000110010011110111 000110011100011111 01101110 000000000000000000011101011001100110010111101110 1 -> 000000100001110100 000000000000000000000011100000101101111011111000 0 000011100000010011001001101001100011001111100000
000110101001010110 000000100001110100 000000000000000001111110010001010110101110001010 000110010011110111 000110011100011111 01101110 000000000000000000011101011001100110010111101110 1 -> 000000100001110100 000000000000000000000011100000101101111011111000 0 000011100000010101000111111010111001111101101011
000011110111111010 000100110011010000 000000000000000000010101000111100100010010110010 000011110111111101 000011100001000010 01101110 000000000000000000110011000111000110110010011100 1 -> 000000100001110100 000000000000000000000011100000101101111011111000 0 000011100000010111000110001100010000101011110110
000011110111111010 000100110011010000 000000000000000000010101000111100100010010110010 000011110111111101 000011100001000010 01101110 000000000000000000110011000111000110110010011100 1 -> 000100110011010000 000000000000000000000011100000101101111011111000 0 000011100000011001000100011101100111011010000001
000011110111111010 000100110011010000 000000000000000000010101000111100100010010110010 000011110111111101 000011100001000010 01101110 000000000000000000110011000111000110110010011100 1 -> 000100110011010000 000000000000000000010010100110001001001100100000 0 000011100000011001011001100101001011101100110100
000011110111111010 000100110011010000 000000000000000000010101000111100100010010110010 000011110111111101 000011100001000010 01101110 000000000000000000110011000111000110110010011100 1 -> 000100110011010000 000000000000000000010010100110001001001100100000 0 000011100000011001101110101100101111111111100111
000111110100000001 000001101001001101 000000000000000001011001001010110111011000011111 000001011111111100 000001000000101100 01101110 000000000000000001110111111101100100010010110110 1 -> 000100110011010000 000000000000000000010010100110001001001100100000 0 000011100000011010000011110100010100010010011010
000111110100000001 000001101001001101 000000000000000001011001001010110111011000011111 000001011111111100 000001000000101100 01101110 000000000000000001110111111101100100010010110110 1 -> 000001101001001101 000000000000000000010010100110001001001100100000 0 000011100000011010011000111011111000100101001101
000111110100000001 000001101001001101 000000000000000001011001001010110111011000011111 000001011111111100 000001000000101100 01101110 000000000000000001110111111101100100010010110110 1 -> 000001101001001101 000000000000000000001100110101111011001101001101 0 000011100000011011110010000110101111111101101101
000111110100000001 000001101001001101 000000000000000001011001001010110111011000011111 000001011111111100 000001000000101100 01101110 000000000000000001110111111101100100010010110110 1 -> 000001101001001101 000000000000000000001100110101111011001101001101 0 000011100000011101001011010001100111010110001101
000001110101110100 000011010111101001 000000000000000001101111111100000000010011000101 000011110110111001 000110101010001000 01101110 000000000000000000011000011010100100110101110111 1 -> 000001101001001101 000000000000000000001100110101111011001101001101 0 000011100000011110100100011100011110101110101101
000001110101110100 000011010111101001 000000000000000001101111111100000000010011000101 000011110110111001 000110101010001000 01101110 000000000000000000011000011010100100110101110111 1 -> 000011010111101001 000000000000000000001100110101111011001101001101 0 000011100000011111111101100111010110000111001101
000001110101110100 000011010111101001 000000000000000001101111111100000000010011000101 000011110110111001 000110101010001000 01101110 000000000000000000011000011010100100110101110111 1 -> 000011010111101001 000000000000000000000110001100111101001010010100 0 000011100000100001101101100011010110011010010011
000001110101110100 000011010111101001 000000000000000001101111111100000000010011000101 000011110110111001 000110101010001000 01101110 000000000000000000011000011010100100110101110111 1 -> 000011010111101001 000000000000000000000110001100111101001010010100 0 000011100000100011011101011111010110101101011001
000001110011001111 000101011100100000 000000000000000001100000110001000010110100111101 000010101111101011 000011100010111000 01101110 000000000000000001101101110001110000100110000100 1 -> 000011010111101001 000000000000000000000110001100111101001010010100 0 000011100000100101001101011011010111000000011111
000001110011001111 000101011100100000 000000000000000001100000110001000010110100111101 000010101111101011 000011100010111000 01101110 000000000000000001101101110001110000100110000100 1 -> 000101011100100000 000000000000000000000110001100111101001010010100 0 000011100000100110111101010111010111010011100101
000001110011001111 000101011100100000 000000000000000001100000110001000010110100111101 000010101111101011 000011100010111000 01101110 000000000000000001101101110001110000100110000100 1 -> 000101011100100000 000000000000000000001001110011011111001011100000 0 000011100000101000011110001000011010001000100011
000001110011001111 000101011100100000 000000000000000001100000110001000010110100111101 000010101111101011 000011100010111000 01101110 000000000000000001101101110001110000100110000100 1 -> 000101011100100000 000000000000000000001001110011011111001011100000 0 000011100000101001111110111001011100111101100001
000000011000110111 000000110000001011 000000000000000000000010111001010110001110110000 000111000010111000 000011001110001100 01101110 000000000000000000000100101011000100100011100010 1 -> 000101011100100000 000000000000000000001001110011011111001011100000 0 000011100000101011011111101010011111110010011111
000000011000110111 000000110000001011 000000000000000000000010111001010110001110110000 000111000010111000 000011001110001100 01101110 000000000000000000000100101011000100100011100010 1 -> 000000110000001011 000000000000000000001001110011011111001011100000 0 000011100000101101000000011011100010100111011101
000000011000110111 000000110000001011 000000000000000000000010111001010110001110110000 000111000010111000 000011001110001100 01101110 000000000000000000000100101011000100100011100010 1 -> 000000110000001011 000000000000000000000000010010101101100001011101 0 000011100000101101000011010100111000110110001110
000000011000110111 000000110000001011 000000000000000000000010111001010110001110110000 000111000010111000 000011001110001100 01101110 000000000000000000000100101011000100100011100010 1 -> 000000110000001011 000000000000000000000000010010101101100001011101 0 000011100000101101000110001110001111000100111111
000100110010001110 000000001001100111 000000000000000000000010001110010010000010010100 000111101010110011 000101010000101100 01101110 000000000000000001000101000101100110100000110100 1 -> 000000110000001011 000000000000000000000000010010101101100001011101 0 000011100000101101001001000111100101010011110000
000100110010001110 000000001001100111 000000000000000000000010001110010010000010010100 000111101010110011 000101010000101100 01101110 000000000000000001000101000101100110100000110100 1 -> 000000001001100111 000000000000000000000000010010101101100001011101 0 000011100000101101001100000000111011100010100001
000100110010001110 000000001001100111 000000000000000000000010001110010010000010010100 000111101010110011 000101010000101100 01101110 000000000000000001000101000101100110100000110100 1 -> 000000001001100111 000000000000000000000000101101111110100100100010 0 000011100000101101001110001111001101100100110110
000100110010001110 000000001001100111 000000000000000000000010001110010010000010010100 000111101010110011 000101010000101100 01101110 000000000000000001000101000101100110100000110100 1 -> 000000001001100111 000000000000000000000000101101111110100100100010 0 000011100000101101010000011101011111100111001011
000011100101000111 000111001011000000 000000000000000000011100101101100001101100000110 000010000010001011 000111110101010001 01101110 000000000000000001011101101011010000101000001101 1 -> 000000001001100111 000000000000000000000000101101111110100100100010 0 000011100000101101010010101011110001101001100000
000011100101000111 000111001011000000 000000000000000000011100101101100001101100000110 000010000010001011 000111110101010001 01101110 000000000000000001011101101011010000101000001101 1 -> 000111001011000000 000000000000000000000000101101111110100100100010 0 000011100000101101010100111010000011101011110101
000011100101000111 000111001011000000 000000000000000000011100101101100001101100000110 000010000010001011 000111110101010001 01101110 000000000000000001011101101011010000101000001101 1 -> 000111001011000000 000000000000000000011001101011001001001101000000 0 000011100000101101110001100111100101010111111100
000011100101000111 000111001011000000 000000000000000000011100101101100001101100000110 000010000010001011 000111110101010001 01101110 000000000000000001011101101011010000101000001101 1 -> 000111001011000000 000000000000000000011001101011001001001101000000 0 000011100000101110001110010101000111000100000011
000010101010000111 000011011010110010 000000000000000001100110101011100000100110110010 000001110001001001 000111111011111010 01101110 000000000000000000010101010110100111110000000001 1 -> 000111001011000000 000000000000000000011001101011001001001101000000 0 000011100000101110101011000010101000110000001010
000010101010000111 000011011010110010 000000000000000001100110101011100000100110110010 000001110001001001 000111111011111010 01101110 000000000000000000010101010110100111110000000001 1 -> 000011011010110010 000000000000000000011001101011001001001101000000 0 000011100000101111000111110000001010011100010001
000010101010000111 000011011010110010 000000000000000001100110101011100000100110110010 000001110001001001 000111111011111010 01101110 000000000000000000010101010110100111110000000001 1 -> 000011011010110010 000000000000000000001001000101100000101111011110 0 000011100000110000101110011011101011000011000100
000010101010000111 000011011010110010 000000000000000001100110101011100000100110110010 000001110001001001 000111111011111010 01101110 000000000000000000010101010110100111110000000001 1 -> 000011011010110010 000000000000000000001001000101100000101111011110 0 000011100000110010010101000111001011101001110111
000100000100010001 000101011010101010 000000000000000001111101011110010110000011010110 000000101110010001 000000101010101101 01101110 000000000000000001010011110011110001110100100101 1 -> 000011011010110010 000000000000000000001001000101100000101111011110 0 000011100000110011111011110010101100010000101010
000100000100010001 000101011010101010 000000000000000001111101011110010110000011010110 000000101110010001 000000101010101101 01101110 000000000000000001010011110011110001110100100101 1 -> 000101011010101010 000000000000000000001001000101100000101111011110 0 000011100000110101100010011110001100110111011101
000100000100010001 000101011010101010 000000000000000001111101011110010110000011010110 000000101110010001 000000101010101101 01101110 000000000000000001010011110011110001110100100101 1 -> 000101011010101010 000000000000000000010110000001101110101101001010 0 000011100000110111011111111100100010111010110100
000100000100010001 000101011010101010 000000000000000001111101011110010110000011010110 000000101110010001 000000101010101101 01101110 000000000000000001010011110011110001110100100101 1 -> 000101011010101010 000000000000000000010110000001101110101101001010 0 000011100000111001011101011010111000111110001011
000000110010111010 000101000110001011 000000000000000001000111000100010000001100011001 000110000110001101 000100000110111000 01101110 000000000000000001000100011010000111110010011110 1 -> 000101011010101010 000000000000000000010110000001101110101101001010 0 000011100000111011011010111001001111000001100010
000000110010111010 000101000110001011 000000000000000001000111000100010000001100011001 000110000110001101 000100000110111000 01101110 000000000000000001000100011010000111110010011110 1 -> 000101000110001011 000000000000000000010110000001101110101101001010 0 000011100000111101011000010111100101000100111001
000000110010111010 000101000110001011 000000000000000001000111000100010000001100011001 000110000110001101 000100000110111000 01101110 000000000000000001000100011010000111110010011110 1 -> 000101000110001011 000000000000000000000100000011011100001011111110 0 000011100000111110011111011011110101010001010011
000000110010111010 000101000110001011 000000000000000001000111000100010000001100011001 000110000110001101 000100000110111000 01101110 000000000000000001000100011010000111110010011110 1 -> 000101000110001011 000000000000000000000100000011011100001011111110 0 000011100000111111100110100000000101011101101101
000111000001110000 000011111011110111 000000000000000000111000111100110111100100111000 000000010100001110 000001100100111011 01101110 000000000000000001111000101100010011010111111100 1 -> 000101000110001011 000000000000000000000100000011011100001011111110 0 000011100001000000101101100100010101101010000111
000111000001110000 000011111011110111 000000000000000000111000111100110111100100111000 000000010100001110 000001100100111011 01101110 000000000000000001111000101100010011010111111100 1 -> 000011111011110111 000000000000000000000100000011011100001011111110 0 000011100001000001110100101000100101110110100001
000111000001110000 000011111011110111 000000000000000000111000111100110111100100111000 000000010100001110 000001100100111011 01101110 000000000000000001111000101100010011010111111100 1 -> 000011111011110111 000000000000000000011011101001111001110000010000 0 000011100001000010101101100101011101011011011010
000111000001110000 000011111011110111 000000000000000000111000111100110111100100111000 000000010100001110 000001100100111011 01101110 000000000000000001111000101100010011010111111100 1 -> 000011111011110111 000000000000000000011011101001111001110000010000 0 000011100001000011100110100010010101000000010011
000011100101100101 000010111001000011 000000000000000000001110011111100000011110001110 000111011001011000 000101111111001001 01101110 000000000000000000110101000000110110001100000011 1 -> 000011111011110111 000000000000000000011011101001111001110000010000 0 000011100001000100011111011111001100100101001100
000011100101100101 000010111001000011 000000000000000000001110011111100000011110001110 000111011001011000 000101111111001001 01101110 000000000000000000110101000000110110001100000011 1 -> 000010111001000011 000000000000000000011011101001111001110000010000 0 000011100001000101011000011100000100001010000101
000011100101100101 000010111001000011 000000000000000000001110011111100000011110001110 000111011001011000 000101111111001001 01101110 000000000000000000110101000000110110001100000011 1 -> 000010111001000011 000000000000000000001010010111110010101101101111 0 000011100001000101100110111011100100101000010100
000011100101100101 000010111001000011 000000000000000000001110011111100000011110001110 000111011001011000 000101111111001001 01101110 000000000000000000110101000000110110001100000011 1 -> 000010111001000011 000000000000000000001010010111110010101101101111 0 000011100001000101110101011011000101000110100011
000001011010111100 000001001110100101 000000000000000000011011101101010010001101101001 000111101011101110 000100010001100100 01101110 000000000000000000010110100110100010100000110111 1 -> 000010111001000011 000000000000000000001010010111110010101101101111 0 000011100001000110000011111010100101100100110010
000001011010111100 000001001110100101 000000000000000000011011101101010010001101101001 000111101011101110 000100010001100100 01101110 000000000000000000010110100110100010100000110111 1 -> 000001001110100101 000000000000000000001010010111110010101101101111 0 000011100001000110010010011010000110000011000001
000001011010111100 000001001110100101 000000000000000000011011101101010010001101101001 000111101011101110 000100010001100100 01101110 000000000000000000010110100110100010100000110111 1 -> 000001001110100101 000000000000000000000001101111101001101100101100 0 000011100001000110101110000111011000010000101011
000001011010111100 000001001110100101 000000000000000000011011101101010010001101101001 000111101011101110 000100010001100100 01101110 000000000000000000010110100110100010100000110111 1 -> 000001001110100101 000000000000000000000001101111101001101100101100 0 000011100001000111001001110100101010011110010101
