000000001010011001 000010101000011110 000000000000000000011100101001010111110001010111 000111001111010000 000100101011011111 10001001 000000000000000001100001111000010111001010111001 1 -> 000000000000000000 000000000000000000000000000000000000000000000000 0 000000000000000000000000000000000000000000000000
000000001010011001 000010101000011110 000000000000000000011100101001010111110001010111 000111001111010000 000100101011011111 10001001 000000000000000001100001111000010111001010111001 1 -> 000010101000011110 000000000000000000000000000000000000000000000000 0 000000000000000000000000000000000000000000000000
000000001010011001 000010101000011110 000000000000000000011100101001010111110001010111 000111001111010000 000100101011011111 10001001 000000000000000001100001111000010111001010111001 1 -> 000010101000011110 000000000000000000000000011011010110011111101110 0 000000000000000000000000000000000000000000000000
000000001010011001 000010101000011110 000000000000000000011100101001010111110001010111 000111001111010000 000100101011011111 10001001 000000000000000001100001111000010111001010111001 1 -> 000010101000011110 000000000000000000000000011011010110011111101110 1 111111111111111111111111100100101001100000010010
000010110100011101 000001110000110000 000000000000000000000100001100010001001001111101 000110011111100100 000101100110101111 11101101 000000000000000000011010110001100000110010101011 1 -> 000010101000011110 000000000000000000000000011011010110011111101110 1 111111111111111111111111100100101001100000010010
000010110100011101 000001110000110000 000000000000000000000100001100010001001001111101 000110011111100100 000101100110101111 11101101 000000000000000000011010110001100000110010101011 1 -> 000001110000110000 000000000000000000000000011011010110011111101110 1 111111111111111111111111001001010011000000100100
000010110100011101 000001110000110000 000000000000000000000100001100010001001001111101 000110011111100100 000101100110101111 11101101 000000000000000000011010110001100000110010101011 1 -> 000001110000110000 000000000000000000000100111101111010000101110000 0 000000000000000000000011110000111010101010001111
000010110100011101 000001110000110000 000000000000000000000100001100010001001001111101 000110011111100100 000101100110101111 11101101 000000000000000000011010110001100000110010101011 1 -> 000001110000110000 000000000000000000000100111101111010000101110000 1 111111111111111111111111001110010111000100001100
000110110000011010 000011000011111100 000000000000000001010010000100110001000001111101 000000000001010001 000010000101100000 10011110 000000000000000000010100110001100110100100010011 1 -> 000001110000110000 000000000000000000000100111101111010000101110000 1 111111111111111111111111001110010111000100001100
000110110000011010 000011000011111100 000000000000000001010010000100110001000001111101 000000000001010001 000010000101100000 10011110 000000000000000000010100110001100110100100010011 1 -> 000011000011111100 000000000000000000000100111101111010000101110000 1 111111111111111111111111001110010111000100001100
000110110000011010 000011000011111100 000000000000000001010010000100110001000001111101 000000000001010001 000010000101100000 10011110 000000000000000000010100110001100110100100010011 1 -> 000011000101001101 000000000000000000010100101011110100100110011000 0 000000000000000001010010110110011001111101110000
000110110000011010 000011000011111100 000000000000000001010010000100110001000001111101 000000000001010001 000010000101100000 10011110 000000000000000000010100110001100110100100010011 1 -> 000011000101001101 000000000000000000010100110100010111110111010010 0 000000000000000001010010110110011001111101110001
000010001100101010 000001010011111011 000000000000000001110001001000010101100111011110 000011100111101011 000011001100111000 11001010 000000000000000001110000011010100001000101000110 1 -> 000011000101001101 000000000000000000010100110100010111110111010010 1 111111111111111111111111001110010111000100001101
000010001100101010 000001010011111011 000000000000000001110001001000010101100111011110 000011100111101011 000011001100111000 11001010 000000000000000001110000011010100001000101000110 1 -> 000001010101001100 000000000000000000010100110100010111110111010010 1 111111111111111111111111001110010111000100001100
000010001100101010 000001010011111011 000000000000000001110001001000010101100111011110 000011100111101011 000011001100111000 11001010 000000000000000001110000011010100001000101000110 1 -> 000001010011111011 000000000000000000000010111011001110001001111000 0 000000000000000000000000000000000000000000000000
000010001100101010 000001010011111011 000000000000000001110001001000010101100111011110 000011100111101011 000011001100111000 11001010 000000000000000001110000011010100001000101000110 1 -> 000001010011111011 000000000000000000000010111000011100001000101110 0 000000000000000000000000000000000000000000000000
000010111111100100 000010010111110101 000000000000000001111011101011000011011001001001 000101111110100010 000101110001110010 01010000 000000000000000000100001011010000011111111100010 1 -> 000001010011111011 000000000000000000000010111000011100001000101110 0 000000000000000000000000000000000000000000000000
000010111111100100 000010010111110101 000000000000000001111011101011000011011001001001 000101111110100010 000101110001110010 01010000 000000000000000000100001011010000011111111100010 1 -> 000010010111110101 000000000000000000000010111000011100001000101110 0 000000000000000000000000000000000000000000000000
000010111111100100 000010010111110101 000000000000000001111011101011000011011001001001 000101111110100010 000101110001110010 01010000 000000000000000000100001011010000011111111100010 1 -> 000011100110101101 000000000000000000000111000110011100100100110100 0 000000000000000000000000000000000000000000000000
000010111111100100 000010010111110101 000000000000000001111011101011000011011001001001 000101111110100010 000101110001110010 01010000 000000000000000000100001011010000011111111100010 1 -> 000011100110101101 000000000000000000001010110010100010000100010100 0 000000000000000000000000000000000000000000000000
000011000100110011 000000100110010000 000000000000000000100111011100100001110000101110 000000000101011110 000001101011000000 11100011 000000000000000000010011101010010110101001000011 1 -> 000011100110101101 000000000000000000001010110010100010000100010100 0 000000000000000000000000000000000000000000000000
000011000100110011 000000100110010000 000000000000000000100111011100100001110000101110 000000000101011110 000001101011000000 11100011 000000000000000000010011101010010110101001000011 1 -> 000101011000010010 000000000000000000001010110010100010000100010100 0 000000000000000000000000000000000000000000000000
000011000100110011 000000100110010000 000000000000000000100111011100100001110000101110 000000000101011110 000001101011000000 11100011 000000000000000000010011101010010110101001000011 1 -> 000000100110010000 000000000000000000010000100010101001011110010110 0 000101011110000011000100110011000101011000010010
000011000100110011 000000100110010000 000000000000000000100111011100100001110000101110 000000000101011110 000001101011000000 11100011 000000000000000000010011101010010110101001000011 1 -> 000000100110010000 000000000000000000000001110101100111011110110000 0 000101011110000011000100110011000000100110010000
000110011110011101 000010110011100111 000000000000000000001010111000000111001101111111 000001001110111010 000001110010011111 01010000 000000000000000001010000101111000101110010011001 1 -> 000000100110010000 000000000000000000000001110101100111011110110000 0 000101011110000011000100110011000000100110010000
000110011110011101 000010110011100111 000000000000000000001010111000000111001101111111 000001001110111010 000001110010011111 01010000 000000000000000001010000101111000101110010011001 1 -> 000010110011100111 000000000000000000000001110101100111011110110000 0 000101011110000011000100110011000000100110010000
000110011110011101 000010110011100111 000000000000000000001010111000000111001101111111 000001001110111010 000001110010011111 01010000 000000000000000001010000101111000101110010011001 1 -> 111110011011010011 000000000000000000010010001011000111101010101011 0 000000000000000000000000000000000000000000000000
000110011110011101 000010110011100111 000000000000000000001010111000000111001101111111 000001001110111010 000001110010011111 01010000 000000000000000001010000101111000101110010011001 1 -> 111110011011010011 111111111111111111110101110011110111010001100111 0 000000000000000000000000000000000000000000000000
000100101010011101 000111100100001101 000000000000000000100110110011110010111011111010 000111010011110100 000101000111110010 11011111 000000000000000000111000100100110101000001000101 1 -> 111110011011010011 111111111111111111110101110011110111010001100111 0 000000000000000000000000000000000000000000000000
000100101010011101 000111100100001101 000000000000000000100110110011110010111011111010 000111010011110100 000101000111110010 11011111 000000000000000000111000100100110101000001000101 1 -> 111001101010101101 111111111111111111110101110011110111010001100111 0 000000000000000000000000000000000000000000000000
000100101010011101 000111100100001101 000000000000000000100110110011110010111011111010 000111010011110100 000101000111110010 11011111 000000000000000000111000100100110101000001000101 1 -> 111111101111100111 111111111111111111100010011101111101111000011001 1 101100001011111011111100010101111001010001001101
000100101010011101 000111100100001101 000000000000000000100110110011110010111011111010 000111010011110100 000101000111110010 11011111 000000000000000000111000100100110101000001000101 1 -> 111111101111100111 111111111111111111111110110011100100001010101011 1 101100001011111011111100010101110011001100010011
000100010001000000 000000100010110000 000000000000000000100010001000000001001111011000 000001001010001100 000010010110000011 00101101 000000000000000000100011011110010001101001100101 1 -> 111111101111100111 111111111111111111111110110011100100001010101011 1 101100001011111011111100010101110011001100010011
000100010001000000 000000100010110000 000000000000000000100010001000000001001111011000 000001001010001100 000010010110000011 00101101 000000000000000000100011011110010001101001100101 1 -> 000110110001000100 111111111111111111111110110011100100001010101011 1 101100001011111011111100010101110011001100010011
000100010001000000 000000100010110000 000000000000000000100010001000000001001111011000 000001001010001100 000010010110000011 00101101 000000000000000000100011011110010001101001100101 1 -> 000000100010110000 000000000000000000011100110111010010000100000000 0 000000000000000000100000111011100101011010000011
000100010001000000 000000100010110000 000000000000000000100010001000000001001111011000 000001001010001100 000010010110000011 00101101 000000000000000000100011011110010001101001100101 1 -> 000000100010110000 000000000000000000000010010100001110110000000000 0 000000000000000000111110111111010011010011011001
000100101110010111 000101010100111000 000000000000000000100000111000010001001011011001 000110110001100100 000101011001010111 11110011 000000000000000000101000100111000110000010111111 1 -> 000000100010110000 000000000000000000000010010100001110110000000000 0 000000000000000000100100011100001111111111011001
000100101110010111 000101010100111000 000000000000000000100000111000010001001011011001 000110110001100100 000101011001010111 11110011 000000000000000000101000100111000110000010111111 1 -> 000101010100111000 000000000000000000000010010100001110110000000000 0 000000000000000000100100011100001111111111011001
000100101110010111 000101010100111000 000000000000000000100000111000010001001011011001 000110110001100100 000101011001010111 11110011 000000000000000000101000100111000110000010111111 1 -> 000001011100101100 000000000000000000011001001010011010110000001000 0 110001100100000100101110010111000101010100111000
000100101110010111 000101010100111000 000000000000000000100000111000010001001011011001 000110110001100100 000101011001010111 11110011 000000000000000000101000100111000110000010111111 1 -> 000001011100101100 000000000000000000000110110101111000111011110100 0 110001100100000100101110010111000001011100101100
